n;sel_swap;sel_comp;sel_time;ins_swap;ins_comp;ins_time;heap_swap;heap_comp;heap_time;quick_swap;quick_comp;quick_time
100;99;4950;603500;2576;2672;174700;575;1019;163100;349;662;87600
100;99;4950;267600;2700;2792;226300;579;1020;67900;388;595;60100
100;99;4950;261300;2353;2448;142200;596;1053;44600;336;692;79300
100;99;4950;178500;2394;2490;147600;585;1024;40900;499;720;82300
100;99;4950;186000;2279;2376;115000;594;1032;42400;361;611;52300
100;99;4950;173000;2433;2528;135200;574;1010;40800;334;590;54200
100;99;4950;172500;2261;2355;135100;598;1035;41000;275;577;24500
100;99;4950;296300;2744;2839;232900;563;1008;46000;355;628;22900
100;99;4950;258000;2327;2424;192800;576;1014;61300;453;616;20600
100;99;4950;246900;2509;2607;197100;580;1017;44500;373;678;24900
200;199;19900;825900;9865;10058;733200;1372;2452;128300;854;1784;48700
200;199;19900;244600;10036;10232;498900;1353;2458;73500;851;1504;41600
200;199;19900;253000;9495;9691;461200;1364;2464;70800;930;1546;43500
200;199;19900;231900;10268;10462;540600;1345;2442;71100;956;1444;42000
200;199;19900;259000;9697;9892;207300;1370;2462;85500;880;1682;45100
200;199;19900;414200;9322;9518;202700;1351;2431;104200;708;1683;52600
200;199;19900;445100;9527;9722;252600;1366;2446;101500;971;1439;51700
200;199;19900;439300;10817;11006;284300;1370;2472;170400;697;1436;50300
200;199;19900;260600;10476;10668;249700;1345;2437;116300;883;1473;61400
200;199;19900;276600;10473;10670;268700;1344;2445;93400;904;1759;51900
300;299;44850;331900;21653;21948;554800;2228;4031;153400;1262;2786;77100
300;299;44850;111100;23474;23770;527800;2215;4028;116100;1481;2485;75500
300;299;44850;99400;20597;20888;300700;2236;4037;143000;1335;2317;56700
300;299;44850;109700;22725;23022;347800;2220;4049;103200;1557;2435;59200
300;299;44850;105000;23390;23678;501200;2187;4006;102100;1812;3121;71900
300;299;44850;103000;22183;22472;579300;2216;4033;157800;1413;2685;83200
300;299;44850;101900;23111;23407;611200;2200;4029;73100;1300;2329;75600
300;299;44850;106500;20830;21124;547500;2229;4024;62100;1570;2661;85600
300;299;44850;123000;22498;22792;286200;2211;4024;65800;1374;2382;53400
300;299;44850;104900;21667;21960;227300;2226;4039;55300;1414;2382;22300
400;399;79800;173000;38752;39139;266900;3127;5712;74000;1942;3658;26100
400;399;79800;182700;38945;39336;398900;3122;5697;81900;2124;3482;30200
400;399;79800;185900;41487;41880;430100;3106;5693;91700;2039;3565;25900
400;399;79800;167600;42100;42493;135000;3121;5725;86300;1924;3364;34700
400;399;79800;179600;40002;40394;97900;3121;5722;84600;2173;3663;29200
400;399;79800;180900;39654;40049;120800;3109;5690;86400;2266;3449;31700
400;399;79800;179200;39137;39534;99100;3104;5701;84200;1986;3277;31400
400;399;79800;181100;40079;40471;126200;3104;5695;88500;2305;3697;30600
400;399;79800;1004400;41007;41403;108700;3092;5680;85500;2002;3328;31400
400;399;79800;185600;39948;40342;86300;3121;5718;100900;2313;3565;26900
500;499;124750;284900;61760;62254;164000;4023;7432;109600;2965;4564;38400
500;499;124750;278600;65081;65575;184100;4018;7412;109300;2761;4354;37700
500;499;124750;282300;63721;64213;211000;4038;7414;116100;2925;4641;42500
500;499;124750;380400;65428;65925;179700;4017;7395;175200;2641;4479;50300
500;499;124750;266600;58872;59365;116800;4065;7459;87400;2675;4392;35400
500;499;124750;266100;65486;65973;199600;4031;7436;137100;2631;4539;37400
500;499;124750;351800;62473;62966;179400;4042;7436;114200;2441;4287;39400
500;499;124750;281400;63492;63981;184100;4021;7403;109000;2972;5254;38200
500;499;124750;281400;64077;64571;160400;4054;7448;101100;2548;5324;38100
500;499;124750;278300;62085;62569;159600;4062;7461;103700;2306;5605;36600
600;599;179700;404800;88488;89081;242600;5011;9219;131400;3290;5704;43600
600;599;179700;401400;87921;88512;247700;5042;9280;126400;3846;6698;44900
600;599;179700;421500;90062;90655;256300;5015;9249;129800;3222;6799;41800
600;599;179700;380200;91901;92496;191500;5010;9225;103800;4050;6936;66500
600;599;179700;415000;89449;90044;245600;5024;9271;133700;3321;5803;49400
600;599;179700;403700;87848;88439;236900;5011;9240;128000;3858;6142;51200
600;599;179700;399300;89390;89986;229800;5023;9257;152800;3219;5819;48200
600;599;179700;400800;87758;88351;262400;5017;9241;141900;2905;5703;49000
600;599;179700;404700;91361;91954;295100;5008;9231;134900;3633;5806;52100
600;599;179700;402000;87623;88216;236400;5046;9295;131900;3432;6532;50700
700;699;244650;543400;124789;125479;327900;6020;11094;160900;3648;6682;57900
700;699;244650;545800;121976;122668;362000;6013;11108;161900;4431;7608;62100
700;699;244650;548600;118850;119544;356600;6039;11115;162200;3541;6979;54500
700;699;244650;544300;121363;122054;306500;5998;11097;290500;4103;7068;48700
700;699;244650;597900;124961;125652;316900;6032;11154;302200;3981;6890;59900
700;699;244650;559700;123715;124406;302900;5996;11112;123200;3886;7501;62500
700;699;244650;594800;125539;126226;353100;5992;11107;283000;4022;6851;59600
700;699;244650;600400;124399;125090;277900;6000;11096;282000;3594;6813;53100
700;699;244650;579200;123938;124632;322800;6003;11098;190500;3831;7240;59700
700;699;244650;568700;119332;120028;312800;6023;11132;398000;4505;7752;62500
800;799;319600;755800;162495;163290;326600;7040;13033;233200;5222;8279;117000
800;799;319600;732700;160665;161458;365200;7044;13017;303600;4526;9026;63700
800;799;319600;743100;165269;166061;502900;6992;13004;277400;4262;8637;75800
800;799;319600;739400;157101;157890;391400;7064;13069;286600;4526;8417;65600
800;799;319600;731300;156421;157210;346300;7050;13007;292000;5508;8718;73600
800;799;319600;776400;160046;160838;416600;7053;13048;339000;4270;8357;59600
800;799;319600;724700;156463;157261;382100;7034;13011;357700;4364;8305;71800
800;799;319600;749900;162333;163126;290300;7024;13002;132900;4630;8110;58000
800;799;319600;685100;162165;162958;384800;7034;12998;258000;4091;8559;58700
800;799;319600;716600;152469;153266;354200;7054;13029;275400;5281;9028;74700
900;899;404550;918400;201752;202650;521900;8103;14995;194000;5627;10070;76800
900;899;404550;898400;204740;205629;499100;8045;14914;348800;5751;10061;79600
900;899;404550;894700;204620;205512;649800;8049;14915;206400;4990;9488;80500
900;899;404550;945500;189621;190514;534000;8080;14947;214000;6058;10331;78900
900;899;404550;895000;204267;205159;588100;8056;14928;215600;5795;10420;77900
900;899;404550;917300;206761;207657;549000;8080;14963;235900;4740;8801;74000
900;899;404550;848400;197966;198856;317100;8029;14915;124400;4236;9173;62800
900;899;404550;891100;198415;199304;347300;8050;14907;104200;5161;9134;58300
900;899;404550;847900;199037;199929;345800;8070;14957;107100;5198;9598;54400
900;899;404550;845700;207866;208759;332500;8039;14931;104700;7673;11367;56200
1000;999;499500;1041100;246821;247813;401600;9050;16784;122800;6573;11018;60400
1000;999;499500;1088800;247211;248207;406400;9076;16874;131500;5701;10891;75900
1000;999;499500;1047400;245673;246664;399800;9126;16899;131300;5567;11694;69900
1000;999;499500;1095600;245203;246200;408000;9076;16840;130100;6111;11499;71000
1000;999;499500;1058300;245319;246312;554200;9098;16854;128900;5866;10163;78600
1000;999;499500;1052000;254063;255059;416100;9092;16894;119200;5734;12667;65600
1000;999;499500;1077600;251399;252388;402900;9044;16820;119100;6233;10548;61000
1000;999;499500;1101200;239151;240144;397800;9100;16858;116300;6202;10264;60200
1000;999;499500;1096800;252222;253215;464300;9055;16835;116700;6422;10839;59800
1000;999;499500;1054500;252493;253486;404900;9064;16836;116100;5412;10294;59700
1100;1099;604450;1267400;304612;305706;498200;10145;18833;130700;7665;13166;83600
1100;1099;604450;1262700;309189;310286;494000;10100;18814;142400;6920;11899;67300
1100;1099;604450;1264500;302984;304075;484000;10185;18899;129400;6122;12153;64500
1100;1099;604450;1298000;299007;300097;554700;10192;18897;148800;6317;11062;76600
1100;1099;604450;1266800;299337;300431;477600;10154;18880;129900;5922;12875;67100
1100;1099;604450;1271200;299892;300985;477700;10189;18894;130400;7266;13084;65500
1100;1099;604450;1268100;309678;310768;500100;10163;18884;162900;7663;12165;73700
1100;1099;604450;1263400;302608;303704;483200;10123;18825;129900;8227;12904;67800
1100;1099;604450;1315400;307103;308197;735000;10148;18837;179400;6060;12545;78900
1100;1099;604450;1342800;312651;313741;512600;10126;18848;149300;6553;12325;67500
1200;1199;719400;1514200;361603;362794;574400;11244;20885;142100;7099;13312;72900
1200;1199;719400;1513400;359387;360579;588400;11228;20884;166900;6956;13231;84500
1200;1199;719400;1521000;360081;361272;594000;11220;20877;157400;8683;14425;79600
1200;1199;719400;1521200;355701;356896;564600;11250;20901;143400;6763;12544;76600
1200;1199;719400;1503700;349588;350783;568200;11239;20867;144000;7240;12666;72000
1200;1199;719400;1594100;373177;374362;683100;11218;20859;191700;7217;13946;105400
1200;1199;719400;1513800;367852;369046;622700;11247;20881;182100;7472;13744;84800
1200;1199;719400;1579100;353312;354502;668700;11253;20915;204800;7441;12992;94400
1200;1199;719400;1532300;345770;346964;574900;11267;20970;197700;7599;13364;103200
1200;1199;719400;1516800;364561;365749;579200;11252;20905;158500;6898;13310;84500
1300;1299;844350;1820700;419612;420902;667300;12341;22969;315800;7256;14122;111500
1300;1299;844350;1787200;425346;426639;690600;12341;22973;167000;8934;14905;81400
1300;1299;844350;1793500;429266;430561;684500;12311;22957;152100;9212;15285;105500
1300;1299;844350;1994900;426317;427608;1106500;12310;22965;286500;9022;15590;190900
1300;1299;844350;1851000;434681;435972;754500;12294;22922;151300;8534;14627;80000
1300;1299;844350;1782000;431555;432846;698800;12320;22945;151600;8586;15203;79800
1300;1299;844350;1887000;422945;424237;729600;12346;22966;155900;7853;15062;86200
1300;1299;844350;1846400;408189;409480;1095500;12360;22980;210800;8090;13957;113400
1300;1299;844350;1855000;422500;423792;703300;12319;22957;167200;7772;14018;93400
1300;1299;844350;1847800;421720;423011;986000;12331;22948;208200;7645;14673;103700
1400;1399;979300;2199300;490157;491550;878700;13476;25055;235900;7813;16767;117000
1400;1399;979300;2085100;480511;481900;759400;13428;25027;167300;9566;15996;89100
1400;1399;979300;2080500;493827;495220;857500;13442;25018;163700;8184;15725;94400
1400;1399;979300;2076000;484473;485869;769700;13484;25059;165200;9119;18328;86600
1400;1399;979300;2064800;487737;489132;783300;13420;25049;179400;8504;16416;105600
1400;1399;979300;2073100;496478;497869;820700;13425;25042;164800;7616;14979;85400
1400;1399;979300;2142000;483546;484941;783500;13439;25043;165600;9250;16932;89500
1400;1399;979300;2102800;496245;497640;806200;13436;25004;165300;9979;18464;90500
1400;1399;979300;2063400;488953;490341;778100;13432;25018;176100;8714;16152;101100
1400;1399;979300;2124900;489038;490431;903500;13399;24974;244500;8889;15649;120500
1500;1499;1124250;2514100;549015;550503;929500;14598;27201;212300;9437;17540;113200
1500;1499;1124250;2390200;566939;568434;932500;14490;27090;178700;10350;17688;97200
1500;1499;1124250;2438600;559741;561236;905100;14546;27134;178200;9549;16956;95000
1500;1499;1124250;2359900;563326;564816;894200;14593;27155;177200;10895;18954;93400
1500;1499;1124250;2356200;557849;559339;896100;14538;27091;177500;10208;17554;94500
1500;1499;1124250;2445300;563173;564664;926100;14556;27115;193100;8818;18987;106300
1500;1499;1124250;2368100;558079;559574;881600;14536;27131;177500;10541;18058;93200
1500;1499;1124250;2361100;566748;568238;896500;14523;27080;180300;8408;19308;91700
1500;1499;1124250;2365700;562789;564286;915700;14552;27152;200600;8587;16824;91700
1500;1499;1124250;2357200;566242;567730;896400;14529;27101;176100;10345;18746;92400
1600;1599;1279200;2698100;672032;673628;1060500;15641;29176;190200;9708;18105;98200
1600;1599;1279200;2788200;627388;628980;1487900;15663;29245;270800;12146;20645;148100
1600;1599;1279200;2743500;634919;636514;1164700;15666;29242;208700;11536;18512;115400
1600;1599;1279200;2731400;632153;633747;1000800;15654;29182;190400;10625;18610;101800
1600;1599;1279200;2766400;624279;625869;1018600;15702;29256;205800;9481;18030;110800
1600;1599;1279200;2686800;639627;641215;1029400;15616;29135;203300;9750;18509;97900
1600;1599;1279200;2728800;655791;657381;1063800;15650;29212;216100;11009;19283;152300
1600;1599;1279200;2725500;628436;630028;1016900;15623;29197;203400;9385;21038;111300
1600;1599;1279200;2728400;645428;647019;2612900;15597;29145;206700;9729;17719;125000
1600;1599;1279200;2951200;648939;650533;1592100;15598;29134;235200;10677;18050;130600
1700;1699;1444150;3208600;741455;743149;1811800;16744;31258;297700;10160;18577;151300
1700;1699;1444150;3485100;707471;709159;1270400;16772;31297;204500;11376;20039;114700
1700;1699;1444150;3029500;724433;726124;1154900;16756;31280;220600;11653;20600;109400
1700;1699;1444150;3111100;740195;741883;1213700;16808;31373;220200;11823;20013;182600
1700;1699;1444150;3212400;714043;715739;1930200;16802;31324;280000;11856;22455;154800
1700;1699;1444150;3163900;709481;711174;1139600;16778;31369;218100;11452;21201;118100
1700;1699;1444150;3291700;725661;727354;1288500;16780;31333;204500;12144;21354;124700
1700;1699;1444150;3037300;720186;721878;1154300;16797;31368;215200;12100;20505;121600
1700;1699;1444150;3097400;702064;703759;1242100;16789;31351;219200;11732;20361;121000
1700;1699;1444150;3098000;728965;730657;1174600;16786;31330;222300;10125;20896;119000
1800;1799;1619100;3419000;811461;813252;1966000;17898;33442;272100;11240;20489;141500
1800;1799;1619100;3472800;793235;795028;1278200;17908;33442;239400;11131;20972;127100
1800;1799;1619100;3399500;816314;818106;1392900;17893;33432;315900;11970;23412;164100
1800;1799;1619100;3548300;830172;831962;2140400;17857;33392;301900;11802;22704;161000
1800;1799;1619100;3511200;817824;819614;2488100;17929;33462;294800;11468;20123;152400
1800;1799;1619100;3983200;785100;786893;1259000;17951;33471;231800;11753;22006;124800
1800;1799;1619100;3735500;805971;807757;2158000;17882;33459;302000;13595;25665;157100
1800;1799;1619100;3692300;792584;794376;1558800;17957;33492;230800;12145;21248;126100
1800;1799;1619100;3792800;826971;828764;2274500;17900;33451;299900;10571;19493;160000
1800;1799;1619100;3447600;842967;844760;1352800;17842;33408;232500;14034;22866;129300
1900;1899;1804050;3821400;927245;929132;1848500;19028;35601;324300;13105;22890;159000
1900;1899;1804050;3971900;920680;922572;1495300;19001;35572;249500;12470;23095;131900
1900;1899;1804050;3810100;907986;909880;1447000;19003;35545;245300;12711;22603;137700
1900;1899;1804050;3830900;884392;886282;1403400;19065;35608;231800;13468;23408;150400
1900;1899;1804050;3777900;911431;913324;1479400;19032;35592;246900;13466;21892;133600
1900;1899;1804050;3825600;904703;906596;1467100;19010;35557;245100;12807;23397;121900
1900;1899;1804050;3949400;932159;934051;2688800;19000;35517;342500;13126;23533;185400
1900;1899;1804050;3984700;874148;876036;2485900;18977;35493;262300;11935;24643;133200
1900;1899;1804050;4047100;910349;912245;1854400;19008;35555;246700;11792;23069;131700
1900;1899;1804050;4043600;897727;899619;1630500;19102;35626;316400;11559;22019;153500
2000;1999;1999000;4225600;987927;989921;1567900;20196;37709;245200;15168;24682;133200
2000;1999;1999000;4270700;988352;990346;1719700;20113;37696;249900;13303;24033;131000
2000;1999;1999000;4228600;1001797;1003786;1693800;20120;37608;269900;12570;24213;126000
2000;1999;1999000;4228700;1003836;1005825;1615300;20191;37710;243800;14486;24942;128100
2000;1999;1999000;4231500;1004475;1006464;1827700;20162;37706;244200;13458;25956;130600
2000;1999;1999000;4195700;976208;978200;1576000;20189;37774;264500;15936;27034;142300
2000;1999;1999000;4184800;1000897;1002889;1581700;20146;37679;245400;12220;23945;133300
2000;1999;1999000;4224900;1001066;1003059;1603200;20135;37648;245100;13763;24936;133500
2000;1999;1999000;4200600;1001226;1003220;1579800;20111;37654;245600;13797;25899;129400
2000;1999;1999000;4208100;968232;970227;1522600;20169;37686;243900;13454;24074;129500
2100;2099;2203950;4641700;1108664;1110759;1746700;21363;39934;258900;13446;25485;138900
2100;2099;2203950;4629600;1095487;1097580;1727300;21302;39900;272000;14114;24891;147700
2100;2099;2203950;4658700;1112053;1114144;1749900;21324;39865;260600;13662;25438;146600
2100;2099;2203950;4636500;1089136;1091223;1713200;21333;39850;272100;15866;27875;136600
2100;2099;2203950;4622300;1100846;1102936;1736400;21293;39871;258700;15088;29312;137000
2100;2099;2203950;4681900;1113774;1115870;1766100;21311;39865;258400;13789;24454;133700
2100;2099;2203950;4725900;1098840;1100934;1746800;21353;39883;258200;13157;24621;135300
2100;2099;2203950;4673500;1087750;1089845;1736100;21305;39833;262100;15216;27057;136100
2100;2099;2203950;4678600;1103915;1106009;1769500;21238;39768;271000;13647;26149;134300
2100;2099;2203950;4614900;1098069;1100163;1749500;21356;39971;258400;14670;25554;131700
2200;2199;2418900;5114200;1209998;1212191;1898200;22541;42165;273400;13076;26624;140600
2200;2199;2418900;5076200;1184522;1186712;1884400;22491;42123;272000;14837;27206;141200
2200;2199;2418900;5067900;1222328;1224520;1929100;22469;42113;271500;17228;30467;144800
2200;2199;2418900;5056900;1190442;1192638;1889500;22493;42116;273600;18784;30224;145800
2200;2199;2418900;5068200;1190788;1192979;1868900;22531;42141;273200;13642;27513;138700
2200;2199;2418900;5113600;1185345;1187535;1860600;22560;42171;273700;15620;29067;138400
2200;2199;2418900;5072400;1224141;1226328;1920200;22488;42104;271900;13441;28279;143600
2200;2199;2418900;5082400;1159042;1161237;1842000;22533;42112;274600;15272;27107;139600
2200;2199;2418900;5076800;1234024;1236216;1936500;22445;42035;288100;18431;28543;144200
2200;2199;2418900;5085900;1215531;1217723;1906200;22516;42134;272900;15231;27763;144200
2300;2299;2643850;5534800;1314150;1316444;2073400;23645;44321;284400;14322;27393;145400
2300;2299;2643850;5526900;1341544;1343836;2102600;23669;44387;286300;15108;27685;144000
2300;2299;2643850;5528800;1311449;1313741;2056500;23634;44286;283800;14003;29029;143400
2300;2299;2643850;5565500;1309477;1311770;2053200;23676;44317;283400;17100;29935;148300
2300;2299;2643850;5525900;1335432;1337723;2094100;23655;44305;283800;14752;26879;144900
2300;2299;2643850;5543200;1317268;1319556;2065500;23695;44320;285000;16488;27978;147200
2300;2299;2643850;5539000;1325798;1328092;2079000;23587;44231;284500;16878;30458;143700
2300;2299;2643850;5529300;1314034;1316323;2081500;23673;44305;284700;19647;31522;169800
2300;2299;2643850;5566100;1350956;1353246;2130600;23667;44335;287200;14770;29235;148800
2300;2299;2643850;5553700;1363259;1365549;2138100;23640;44265;285000;14150;28280;143900
2400;2399;2878800;6063900;1465641;1468033;2296400;24856;46594;299700;14574;28358;154900
2400;2399;2878800;6042300;1418185;1420575;2241300;24850;46551;298900;16561;30293;151800
2400;2399;2878800;6045800;1440191;1442586;2271100;24860;46565;299900;15939;29526;154200
2400;2399;2878800;6043900;1424032;1426422;2235800;24863;46605;300700;16232;31876;155600
2400;2399;2878800;6085200;1419406;1421797;2253700;24859;46553;300900;15909;29575;157000
2400;2399;2878800;6048300;1445033;1447422;2281400;24854;46598;309000;16044;31850;173200
2400;2399;2878800;6018900;1475807;1478201;2315300;24846;46583;299500;17065;29609;157900
2400;2399;2878800;6069000;1457396;1459781;2283700;24893;46606;301100;16977;29284;161100
2400;2399;2878800;6022000;1446985;1449378;2269700;24840;46529;297300;17760;32970;157700
2400;2399;2878800;6021700;1431656;1434046;2243900;24887;46607;299500;15709;28945;154800
2500;2499;3123750;6536600;1550511;1553007;2429500;26084;48829;313000;17450;32291;160100
2500;2499;3123750;6534200;1574150;1576640;2464700;26063;48872;314900;16338;32475;160500
2500;2499;3123750;6594400;1543341;1545834;2429400;26104;48892;316200;18982;33805;162800
2500;2499;3123750;6641900;1592781;1595275;2495000;26044;48850;312200;17672;32437;162600
2500;2499;3123750;6547900;1568442;1570934;2472900;26035;48822;312900;15676;30129;160100
2500;2499;3123750;6571100;1553882;1556374;2466700;26083;48893;313000;17230;33058;162800
2500;2499;3123750;6535200;1541272;1543768;2443000;26101;48844;313400;17065;30911;163000
2500;2499;3123750;6573300;1572444;1574936;2484800;26097;48898;319000;16288;30941;160200
2500;2499;3123750;6576300;1547950;1550439;2458100;26113;48898;318200;17828;31543;161800
2500;2499;3123750;6545200;1591160;1593649;2519200;26057;48856;314500;17945;31225;171600
2600;2599;3378700;7078200;1686619;1689209;2662700;27296;51163;328200;16508;32448;168800
2600;2599;3378700;7091400;1734617;1737210;2734800;27218;51088;327900;18609;35789;168700
2600;2599;3378700;7102300;1711900;1714493;2697400;27237;51114;325600;17949;36209;168500
2600;2599;3378700;7067800;1682791;1685382;2665000;27260;51089;330400;18018;33248;172300
2600;2599;3378700;7080300;1701759;1704347;2669500;27238;51152;327100;20031;32625;172900
2600;2599;3378700;7081100;1672998;1675588;2635900;27273;51146;428100;15187;34364;178400
2600;2599;3378700;7095800;1694821;1697416;2653500;27224;51099;328900;18287;32328;182300
2600;2599;3378700;7077200;1686390;1688982;2640700;27211;51042;326100;18188;36635;168900
2600;2599;3378700;7113300;1722643;1725237;2748900;27278;51162;328000;17886;31863;169400
2600;2599;3378700;7065400;1668439;1671036;2848700;27234;51052;326900;17006;32122;168500
2700;2699;3643650;7619900;1858873;1861563;2909000;28374;53274;340100;20284;35958;173000
2700;2699;3643650;7656400;1879183;1881870;2941200;28400;53362;340300;19216;34188;173000
2700;2699;3643650;7678200;1819481;1822170;2847900;28374;53253;341300;19321;35574;171000
2700;2699;3643650;7689900;1803858;1806545;2837600;28465;53399;340400;17065;34586;173700
2700;2699;3643650;7633400;1817025;1819720;3008500;28506;53456;352700;19058;33481;181200
2700;2699;3643650;7665500;1856860;1859549;2927700;28477;53398;347200;19341;33279;175900
2700;2699;3643650;7674900;1807326;1810015;2832800;28481;53455;340300;21679;35269;182600
2700;2699;3643650;7700800;1807669;1810361;2830100;28536;53386;340900;23107;37468;179900
2700;2699;3643650;7701900;1793716;1796403;2809600;28469;53411;341600;18373;33414;172400
2700;2699;3643650;7666100;1842893;1845589;2885500;28426;53372;340500;18833;34275;175400
2800;2799;3918600;8187100;1986576;1989363;3111600;29579;55567;354800;20319;39730;182600
2800;2799;3918600;8200300;1989776;1992568;3118300;29683;55648;356800;19717;38831;178900
2800;2799;3918600;8196000;1977061;1979857;3094900;29622;55626;357000;19021;37677;177800
2800;2799;3918600;8180400;1963381;1966172;3082800;29642;55684;354700;18859;36104;175400
2800;2799;3918600;8172900;1936355;1939146;3029600;29716;55744;358600;18862;35184;182600
2800;2799;3918600;8184300;1968975;1971764;3138300;29652;55602;375400;20800;36787;198400
2800;2799;3918600;8270300;1962850;1965641;3099300;29679;55682;357400;17943;35240;176000
2800;2799;3918600;8241600;1979258;1982045;3102300;29651;55684;355200;18978;37088;183000
2800;2799;3918600;8265900;1965493;1968286;3110700;29620;55603;356700;22667;38154;185200
2800;2799;3918600;8266200;1995607;1998396;3173000;29624;55654;356600;18153;37365;178800
2900;2899;4203550;8818300;2052453;2055347;3250100;30858;57895;379500;18477;38466;193300
2900;2899;4203550;8798900;2122846;2125738;3403600;30809;57863;368300;20430;38062;189400
2900;2899;4203550;8814800;2076071;2078963;3249900;30880;57956;369200;20141;37350;186700
2900;2899;4203550;8797500;2137238;2140133;3354200;30829;57922;370100;18647;37550;185300
2900;2899;4203550;8797500;2097220;2100112;3281200;30905;58057;370400;17160;36297;182700
2900;2899;4203550;8803200;2123055;2125946;3332300;30848;57935;370300;19170;37938;183800
2900;2899;4203550;8797000;2103332;2106226;3289000;30869;58004;369100;21039;38693;187100
2900;2899;4203550;8819700;2112303;2115195;3314400;30832;57924;369000;20401;36185;184800
2900;2899;4203550;8948700;2139141;2142032;3443000;30880;57937;368700;20446;39133;185700
2900;2899;4203550;8889500;2090324;2093214;3273000;30877;58006;369700;19374;40281;188200
3000;2999;4498500;9473900;2238000;2240992;3512300;32107;60222;386100;20811;40526;190100
3000;2999;4498500;9473900;2236085;2239076;3500400;32040;60194;385200;22643;38354;201900
3000;2999;4498500;9480400;2272135;2275124;3551600;32018;60159;384600;23327;43519;198600
3000;2999;4498500;9480400;2252946;2255942;3523500;32095;60267;385500;30753;45681;204800
3000;2999;4498500;9456800;2281915;2284903;3568700;32104;60266;386900;26828;42253;194900
3000;2999;4498500;9467900;2235539;2238530;3504800;32108;60277;387100;20381;37838;192600
3000;2999;4498500;9434500;2317691;2320685;3623300;32046;60209;402400;22828;37658;194000
3000;2999;4498500;9527400;2248601;2251595;3518300;32094;60230;383100;19833;38218;194800
3000;2999;4498500;9452100;2320210;2323205;3632500;32021;60174;383800;21490;38568;195200
3000;2999;4498500;9416700;2268150;2271142;3548900;32073;60186;384100;19868;37495;193400
3100;3099;4803450;10066500;2398798;2401891;3749100;33267;62488;398600;20053;37766;199900
3100;3099;4803450;10138300;2384894;2387982;3728000;33293;62527;399000;20161;45202;199000
3100;3099;4803450;10170100;2386623;2389719;3745000;33294;62585;401100;26530;41729;203300
3100;3099;4803450;10111800;2392670;2395761;3742700;33235;62529;397700;22858;39691;202200
3100;3099;4803450;10133500;2413547;2416636;3791800;33270;62488;398600;20086;40129;201100
3100;3099;4803450;10140000;2405017;2408107;3759800;33312;62539;398300;21601;42783;201300
3100;3099;4803450;10119300;2386855;2389945;3731600;33236;62489;405600;22715;41000;203700
3100;3099;4803450;10121200;2410864;2413958;3768900;33311;62574;398600;22079;39078;199000
3100;3099;4803450;10095500;2383650;2386740;3726500;33261;62549;398100;25516;44593;205200
3100;3099;4803450;10080900;2385622;2388715;3733000;33335;62573;417900;23559;42737;205600
3200;3199;5118400;11030200;2549492;2552688;4009700;34433;64748;412700;22052;42912;209400
3200;3199;5118400;10747800;2554381;2557573;4006900;34514;64898;414600;25022;45779;212200
3200;3199;5118400;10746300;2568085;2571275;4025600;34530;64853;412800;22529;42546;208900
3200;3199;5118400;10983300;2595356;2598544;4195400;34545;64911;429400;21668;39287;210300
3200;3199;5118400;10812500;2574516;2577709;4040600;34573;64924;412400;22609;40187;209000
3200;3199;5118400;10798700;2539309;2542500;3996200;34466;64802;415100;24029;41079;207900
3200;3199;5118400;10774000;2607984;2611178;4085300;34465;64750;411800;26669;42833;206100
3200;3199;5118400;10811400;2577063;2580257;4037700;34534;64877;412400;26353;47987;209700
3200;3199;5118400;10770300;2551259;2554450;4008800;34518;64861;420700;22673;41682;210000
3200;3199;5118400;10735600;2515557;2518750;3938600;34566;64969;415200;20737;41325;205400
3300;3299;5443350;11420900;2769366;2772658;4332900;35735;67200;432000;23452;42377;214900
3300;3299;5443350;11417400;2723689;2726981;4261100;35694;67111;428200;24550;44363;238000
3300;3299;5443350;11393500;2741754;2745043;4289600;35815;67206;430900;22773;40992;218100
3300;3299;5443350;11413300;2732051;2735344;4324100;35736;67152;424000;23949;43747;219800
3300;3299;5443350;11458600;2715264;2718553;4253600;35719;67123;431100;22047;40491;213800
3300;3299;5443350;11454600;2771414;2774706;4429800;35677;67147;432200;24505;43997;214300
3300;3299;5443350;11506100;2699156;2702446;4269100;35649;67065;426900;25953;45519;226100
3300;3299;5443350;11447500;2728264;2731558;4273300;35743;67192;425900;25441;43108;223300
3300;3299;5443350;11492400;2752377;2755666;4337800;35688;67111;430100;23796;42525;222000
3300;3299;5443350;11597900;2714626;2717922;4243900;35755;67248;427800;20185;42021;214900
3400;3399;5778300;12154500;2890701;2894098;4518200;36940;69395;439500;28410;47863;231300
3400;3399;5778300;12099900;2892635;2896028;4516900;36964;69460;441400;23869;44475;221800
3400;3399;5778300;12112700;2940599;2943989;4592400;36854;69363;439700;23838;45529;224600
3400;3399;5778300;12150400;2841118;2844511;4439600;36963;69428;439400;24425;44175;221100
3400;3399;5778300;12204400;2849821;2853208;4453100;36964;69490;443800;29393;46693;232000
3400;3399;5778300;12336600;2881630;2885021;4586000;36933;69478;443100;24880;48296;226900
3400;3399;5778300;12175200;2925941;2929327;4600000;36912;69447;445200;23023;46686;223800
3400;3399;5778300;12168500;2859707;2863097;4475600;36948;69498;442900;25158;43445;222600
3400;3399;5778300;12186700;2882901;2886295;4529000;36944;69422;444700;20375;46499;217700
3400;3399;5778300;12104900;2901317;2904709;4568000;36958;69457;443200;24043;44383;224700
3500;3499;6123250;12853400;3041734;3045230;4760100;38211;71777;455100;27954;49455;230100
3500;3499;6123250;12857900;3011121;3014611;4731800;38244;71890;458200;24822;47834;235400
3500;3499;6123250;12848500;3048780;3052273;4772700;38143;71691;454000;25994;44618;232400
3500;3499;6123250;12988100;3004755;3008245;4762800;38266;71899;457700;27264;47411;248900
3500;3499;6123250;12915600;3117664;3121156;4877900;38123;71806;463800;23699;44255;236100
3500;3499;6123250;12912800;3096464;3099952;4846600;38145;71752;458700;25933;48897;243500
3500;3499;6123250;12892200;3009143;3012632;4751300;38178;71829;454800;25748;44705;231400
3500;3499;6123250;12896000;3037702;3041191;4757700;38213;71775;458000;23461;45865;231300
3500;3499;6123250;12918300;3042740;3046236;4762900;38211;71823;458000;25854;45637;231800
3500;3499;6123250;12849600;3078218;3081709;4840500;38171;71795;455300;28520;51218;234000
3600;3599;6478200;13584000;3251724;3255310;5096300;39435;74185;467600;24278;46022;238900
3600;3599;6478200;13629300;3268280;3271874;5112200;39421;74184;470600;25187;47383;234600
3600;3599;6478200;13638400;3147638;3151229;4956800;39465;74172;475000;26020;46959;240000
3600;3599;6478200;13657000;3281766;3285358;5131400;39387;74119;471700;28694;47915;239100
3600;3599;6478200;13659200;3274203;3277797;5139600;39364;74029;473600;25112;48526;239000
3600;3599;6478200;13613200;3268659;3272249;5117200;39392;74143;473300;25689;50406;234500
3600;3599;6478200;13755700;3249390;3252984;5084500;39435;74133;472900;29100;49467;242300
3600;3599;6478200;13654800;3280399;3283987;5177500;39390;74103;487900;29990;49104;247500
3600;3599;6478200;13943100;3270467;3274059;5332400;39324;74046;473500;25216;47608;238400
3600;3599;6478200;13580300;3259303;3262891;5087600;39414;74134;470700;27271;49067;237300
3700;3699;6843150;14337600;3435172;3438865;5360400;40673;76469;485400;25031;48179;242700
3700;3699;6843150;14436600;3412269;3415961;5384300;40660;76398;489000;29989;52066;246200
3700;3699;6843150;14413800;3373142;3376832;5366500;40625;76415;489200;28635;48675;244200
3700;3699;6843150;14404700;3409185;3412881;5343900;40612;76428;483600;26180;50787;246500
3700;3699;6843150;14334700;3432925;3436621;5429600;40614;76440;482800;25536;51550;243400
3700;3699;6843150;14435200;3359622;3363312;5255400;40661;76409;485400;32472;54216;245500
3700;3699;6843150;14390700;3374712;3378402;5285100;40641;76366;488900;25838;48437;239800
3700;3699;6843150;14347400;3376868;3380558;5271000;40549;76301;488300;32709;53130;246700
3700;3699;6843150;14465200;3425896;3429587;5368900;40601;76336;484300;24708;50173;246900
3700;3699;6843150;14322500;3391704;3395397;5296600;40639;76475;486900;25960;49597;244700
3800;3799;7218100;15195600;3601225;3605015;5636800;41854;78705;528200;26639;50420;255200
3800;3799;7218100;15190300;3620526;3624316;5650900;41811;78703;499100;28456;55238;256000
3800;3799;7218100;15229800;3645873;3649667;5704600;41876;78732;508200;26404;51449;258200
3800;3799;7218100;15184200;3604408;3608201;5625100;41937;78869;499000;26426;50969;259400
3800;3799;7218100;15190800;3595958;3599742;5657500;41901;78755;501500;28580;51524;254600
3800;3799;7218100;15174200;3640294;3644084;5690700;41931;78874;502300;33273;55580;256800
3800;3799;7218100;15144600;3609670;3613461;5669800;41795;78715;501600;27786;51596;256100
3800;3799;7218100;15130800;3589952;3593745;5603600;41819;78690;500000;28713;54356;249900
3800;3799;7218100;15242900;3586761;3590551;5662000;41860;78744;500300;28439;50052;254600
3800;3799;7218100;15233600;3606158;3609949;5628800;41809;78701;499500;30537;54427;250200
3900;3899;7603050;16122200;3763609;3767497;5973500;43108;81142;518700;25057;52059;263000
3900;3899;7603050;16015100;3812399;3816290;5968700;43152;81151;514400;26171;52762;258900
3900;3899;7603050;15929200;3750797;3754688;5864900;43116;81090;515000;28776;53678;264000
3900;3899;7603050;15962900;3800274;3804166;5939900;43159;81201;517500;32375;54432;259700
3900;3899;7603050;15955100;3849465;3853356;6012300;43070;81099;513900;29472;54349;258700
3900;3899;7603050;15930900;3754597;3758487;5900400;43134;81146;514000;32395;52309;262300
3900;3899;7603050;15986600;3791966;3795858;5990800;43057;81054;516300;25356;48706;265200
3900;3899;7603050;15972000;3830740;3834635;6010900;43079;81035;515700;30440;56230;260100
3900;3899;7603050;16056100;3820660;3824550;5968000;43123;81175;525300;28536;54615;265500
3900;3899;7603050;16009400;3827471;3831361;5971600;43078;81114;514700;27083;52289;258400
4000;3999;7998000;16810000;3944690;3948680;6186900;44347;83418;533700;26599;51138;265000
4000;3999;7998000;16890000;3989780;3993774;6239000;44389;83537;531100;27258;55859;263800
4000;3999;7998000;16788600;3945601;3949592;6176500;44332;83459;528400;31431;56792;265500
4000;3999;7998000;16867500;3993957;3997946;6425000;44302;83382;534000;28458;50330;267700
4000;3999;7998000;16831100;4015716;4019705;6316900;44281;83367;530600;32331;55411;265700
4000;3999;7998000;16880600;4023042;4027039;6287800;44355;83469;529800;29988;54794;265900
4000;3999;7998000;16896200;3970388;3974380;6228600;44409;83516;534600;29580;54162;272300
4000;3999;7998000;17079600;3992760;3996751;6238000;44241;83325;528500;30548;55913;274800
4000;3999;7998000;16772000;3992632;3996622;6231000;44283;83429;529700;31814;55457;267400
4000;3999;7998000;16795700;4011591;4015580;6257700;44394;83463;530800;27596;54118;264900
4100;4099;8402950;17619600;4229718;4233808;6617600;45489;85698;549200;31643;55185;274400
4100;4099;8402950;18000400;4216884;4220977;6633600;45577;85820;549800;36303;60786;278700
4100;4099;8402950;17684800;4220335;4224419;6607500;45534;85757;546000;29140;54964;274500
4100;4099;8402950;17721000;4155332;4159422;6525400;45597;85761;543700;31867;57042;275600
4100;4099;8402950;17720800;4223189;4227282;6596900;45478;85715;544700;31879;57177;289500
4100;4099;8402950;17645500;4191185;4195272;6538200;45532;85803;543500;28532;54084;273400
4100;4099;8402950;17611200;4148465;4152552;6470700;45578;85736;541800;30200;55269;277000
4100;4099;8402950;17608500;4258158;4262245;6682800;45579;85775;544400;33941;57212;274000
4100;4099;8402950;17701200;4166988;4171078;6570400;45589;85702;544600;31059;61110;279000
4100;4099;8402950;17709300;4154833;4158929;6492400;45568;85742;542400;29302;53898;276500
4200;4199;8817900;18611500;4432501;4436690;6975300;46754;88077;557500;29399;55425;279700
4200;4199;8817900;18661300;4399623;4403814;8094000;46878;88203;558400;28961;60584;310700
4200;4199;8817900;18508300;4434202;4438394;6917000;46899;88160;560100;32978;61516;305000
4200;4199;8817900;18514200;4407930;4412121;6874000;46847;88177;559900;33065;56566;283800
4200;4199;8817900;18887300;4402549;4406739;6907700;46804;88137;559800;29392;56336;279900
4200;4199;8817900;18579100;4345202;4349394;6783600;46879;88181;560800;32761;55529;280500
4200;4199;8817900;18591500;4399521;4403710;6999100;46882;88230;557700;33825;59478;283300
4200;4199;8817900;18625800;4370074;4374267;6850300;46863;88198;558100;32428;56069;281000
4200;4199;8817900;18537400;4389733;4393925;6873500;46842;88158;558600;31844;57471;282100
4200;4199;8817900;18483000;4417604;4421794;6893600;46845;88214;558400;29567;57756;281700
4300;4299;9242850;19392100;4562217;4566510;7115500;48148;90660;572400;31555;60954;291900
4300;4299;9242850;19548200;4608361;4612652;7230400;48160;90573;573400;28600;60683;284000
4300;4299;9242850;19524100;4586583;4590868;7153600;48162;90602;576300;37690;64477;295200
4300;4299;9242850;19474100;4684499;4688792;8326300;47988;90457;807300;34771;59267;296200
4300;4299;9242850;20092200;4605240;4609525;7214400;48153;90685;579400;31933;59321;289800
4300;4299;9242850;19572500;4546047;4550340;7145900;48234;90677;575100;29497;58302;288200
4300;4299;9242850;19557300;4562140;4566432;7226800;48179;90664;576700;30106;55497;286600
4300;4299;9242850;19563100;4698430;4702720;7655300;48157;90651;577000;36831;64100;297400
4300;4299;9242850;19701100;4611124;4615413;7447400;48035;90526;577400;32914;55990;296300
4300;4299;9242850;19645800;4640317;4644605;7436300;48046;90623;585200;31596;59679;301500
4400;4399;9677800;20657700;4823738;4828130;8835100;49261;92866;644700;32961;58816;300000
4400;4399;9677800;20770200;4746600;4750989;7663600;49475;93042;589900;33066;59310;294400
4400;4399;9677800;20510400;4866417;4870808;7773700;49286;92924;586800;35124;63266;297700
4400;4399;9677800;20773800;4812385;4816771;7573500;49480;93095;591400;35248;59403;295500
4400;4399;9677800;20502300;4881500;4885887;7875000;49361;92979;588500;31044;57852;295500
4400;4399;9677800;20481200;4783971;4788358;7610400;49428;93050;590300;31750;61349;297200
4400;4399;9677800;20481900;4702127;4706522;7482800;49418;93034;588200;29870;57064;294200
4400;4399;9677800;20427800;4907420;4911810;7755300;49387;92968;588200;41102;67123;301300
4400;4399;9677800;20342500;4786740;4791128;7534800;49389;92996;604100;32245;63575;294600
4400;4399;9677800;20575100;4808562;4812954;7595800;49385;93019;588200;34309;64036;300300
4500;4499;10122750;21389000;5129062;5133553;8049200;50617;95403;604300;36804;64430;306100
4500;4499;10122750;21370600;5085082;5089572;7940600;50707;95503;607700;33971;59399;304000
4500;4499;10122750;21421200;5002197;5006688;7801300;50742;95548;616800;36640;62067;306200
4500;4499;10122750;21377900;5100601;5105090;7966700;50632;95413;603500;36095;61158;311300
4500;4499;10122750;21243100;5030829;5035324;7841900;50638;95419;601900;34488;63119;302700
4500;4499;10122750;21269000;5077925;5082420;7923000;50738;95493;600700;35046;69138;307000
4500;4499;10122750;21314900;5087649;5092144;7968200;50594;95419;604200;33477;60197;306200
4500;4499;10122750;21514600;5091245;5095733;7997300;50640;95410;602100;33202;57820;307400
4500;4499;10122750;21379400;5015441;5019934;7854000;50672;95451;614000;34109;62609;308100
4500;4499;10122750;21260600;5087044;5091539;7962400;50699;95446;606500;38074;67810;308700
4600;4599;10577700;22210100;5245397;5249984;8177400;51918;97836;616800;33377;61962;304900
4600;4599;10577700;22153100;5302277;5306871;8348100;51876;97857;619100;41428;66380;316300
4600;4599;10577700;22314700;5337866;5342460;8340500;51975;97968;624400;32878;61051;308400
4600;4599;10577700;22331600;5331768;5336362;8328700;51873;97784;620100;37270;68104;315900
4600;4599;10577700;22452300;5266940;5271533;8327500;51921;97775;617400;38460;64577;318100
4600;4599;10577700;22369400;5330426;5335017;8474900;51877;97847;619000;35916;63385;323700
4600;4599;10577700;22271200;5337988;5342579;8368600;51967;97955;619700;33751;62527;310700
4600;4599;10577700;22377000;5296024;5300612;8491100;51867;97817;619900;33617;61920;317100
4600;4599;10577700;22635400;5255232;5259824;8400700;51927;97829;619000;33691;67871;308100
4600;4599;10577700;22944600;5335066;5339653;8317800;51947;97924;620200;37556;64691;324900
4700;4699;11042650;23279700;5554763;5559458;8656200;53190;100283;636100;34728;62741;323300
4700;4699;11042650;23139100;5562910;5567601;8681700;53195;100230;632600;35217;63947;316000
4700;4699;11042650;23146200;5537684;5542377;8629600;53263;100357;632400;35376;62722;319100
4700;4699;11042650;23606200;5461323;5466019;8540600;53150;100169;632000;34271;62182;324100
4700;4699;11042650;23380500;5526309;5530996;8672200;53248;100310;634900;34150;63444;318900
4700;4699;11042650;23223000;5471084;5475772;8628100;53253;100387;632500;35414;64321;318300
4700;4699;11042650;23512200;5582388;5587079;8723300;53179;100263;631500;35806;63095;318900
4700;4699;11042650;23230800;5537061;5541754;8630300;53140;100183;631000;35725;61612;319600
4700;4699;11042650;23175500;5555725;5560409;8662100;53180;100302;631400;36204;70116;317000
4700;4699;11042650;23273700;5479649;5484336;8696900;53230;100242;632700;30139;66698;332100
4800;4799;11517600;24260800;5879906;5884689;9260100;54483;102695;646400;34831;66530;330500
4800;4799;11517600;25222400;5707895;5712686;8926400;54562;102795;657800;36369;66062;325900
4800;4799;11517600;24299600;5761423;5766216;9025000;54494;102794;644300;39930;70224;330000
4800;4799;11517600;24242100;5748423;5753211;8969300;54596;102834;647700;32975;68940;324800
4800;4799;11517600;24232100;5718397;5723190;8953300;54500;102774;649300;33775;64590;322100
4800;4799;11517600;24451900;5763194;5767989;9328200;54499;102735;660600;39461;66245;333000
4800;4799;11517600;24677200;5766705;5771495;9130400;54542;102827;646500;43235;72465;335500
4800;4799;11517600;24835600;5794893;5799682;9084200;54518;102728;662900;33861;69922;321400
4800;4799;11517600;24286000;5754458;5759251;9211600;54475;102754;651600;38844;67489;327300
4800;4799;11517600;24392000;5756849;5761644;9046400;54452;102708;644400;40623;68696;325900
4900;4899;12002550;25781400;5976759;5981650;9654000;55840;105212;659900;35114;70085;334400
4900;4899;12002550;25758500;6094603;6099496;9813300;55790;105270;663200;34159;70088;333700
4900;4899;12002550;25794000;5945813;5950705;9316500;55786;105153;745400;38001;66002;333000
4900;4899;12002550;25217100;5969622;5974514;9331300;55837;105297;668100;34403;67948;321900
4900;4899;12002550;25409800;5942367;5947256;9373300;55798;105267;674900;37261;64939;347100
4900;4899;12002550;25900600;6040994;6045890;9519000;55783;105217;676000;33237;68195;330600
4900;4899;12002550;25661700;5965019;5969908;9351700;55826;105163;663400;39526;70155;334600
4900;4899;12002550;25360700;6135715;6140611;9637000;55906;105323;668100;36104;68225;327900
4900;4899;12002550;25213600;6025693;6030586;9402500;55806;105279;666900;35904;71695;359700
4900;4899;12002550;25240200;5951767;5956665;9291700;55858;105210;660700;39351;71392;335200
5000;4999;12497500;26531600;6255192;6260184;9834900;57111;107647;680800;40908;70607;373400
5000;4999;12497500;26428600;6168681;6173673;9732400;57160;107704;677400;39806;72305;336400
5000;4999;12497500;26419200;6274420;6279411;9822800;57231;107748;692000;36905;70529;343200
5000;4999;12497500;26408500;6164169;6169160;9634900;57106;107638;679800;36899;70948;350700
5000;4999;12497500;26277000;6222214;6227206;9752300;57099;107722;679000;37284;66874;350100
5000;4999;12497500;26481500;6245000;6249991;9964300;57047;107651;693200;41345;77198;348900
5000;4999;12497500;26460100;6212019;6217011;9745600;57140;107756;675700;39171;74094;356700
5000;4999;12497500;26835400;6255256;6260247;9832600;57135;107739;690900;42972;72138;347000
5000;4999;12497500;26261700;6261418;6266410;9813100;57127;107644;676100;43364;73966;352400
5000;4999;12497500;26306800;6387115;6392108;10134000;57002;107562;681100;37148;68479;334700
5100;5099;13002450;27716500;6579242;6584332;10338400;58273;110051;706800;41022;74390;354900
5100;5099;13002450;27474500;6440523;6445611;10088900;58476;110192;694100;38045;69850;352400
5100;5099;13002450;27329400;6578137;6583230;10260700;58334;110099;691000;40601;70673;350300
5100;5099;13002450;27277600;6515503;6520594;10149800;58328;110028;690300;36395;70499;345300
5100;5099;13002450;27310800;6458160;6463246;10139700;58345;110064;693400;35225;69449;346800
5100;5099;13002450;27513800;6454160;6459249;10135800;58397;110166;713600;41355;72408;353600
5100;5099;13002450;27461900;6447684;6452778;10271700;58387;110123;691800;42842;79830;355100
5100;5099;13002450;27347800;6387781;6392866;9990600;58506;110173;693700;36163;76419;344100
5100;5099;13002450;27349500;6718654;6723745;10840000;58211;109959;690100;37313;71998;350900
5100;5099;13002450;27359000;6477345;6482437;10161500;58390;110103;694400;39415;70173;349000
5200;5199;13517400;28603500;6763596;6768789;10666600;59775;112711;709000;42987;71461;359700
5200;5199;13517400;28512000;6750473;6755658;10537900;59738;112698;709800;39395;70135;359500
5200;5199;13517400;28383400;6772459;6777654;10572800;59782;112626;709000;38009;75116;346200
5200;5199;13517400;28496500;6774579;6779773;10629700;59690;112540;710900;43340;74251;356800
5200;5199;13517400;28595900;6802588;6807779;10792600;59739;112647;710100;38150;70880;360700
5200;5199;13517400;28615200;6740413;6745604;10581000;59714;112617;706900;40667;72988;353700
5200;5199;13517400;28480400;6663430;6668618;10507600;59645;112641;714500;38912;73452;359800
5200;5199;13517400;28623000;6871995;6877187;10726500;59658;112578;704500;42423;72336;364400
5200;5199;13517400;28400500;6793335;6798525;10676200;59632;112589;710300;41120;76127;353900
5200;5199;13517400;28487900;6763185;6768376;10761300;59682;112570;706300;40683;74441;353400
5300;5299;14042350;29585000;6967980;6973269;10982900;60979;115085;722400;41946;82675;379800
5300;5299;14042350;29631700;7022143;7027436;10990000;61008;115038;726800;36578;74134;358000
5300;5299;14042350;29502800;6974098;6979389;10902200;61019;115102;722400;42019;74801;362500
5300;5299;14042350;29788100;6847890;6853182;10887600;61031;115106;724600;45712;78098;378500
5300;5299;14042350;30250800;7013417;7018705;11017600;60946;114990;725200;42289;72546;361600
5300;5299;14042350;29599800;7051495;7056787;11094300;61024;115124;723100;39741;75797;365400
5300;5299;14042350;29700300;7063542;7068830;11043200;61039;115155;723500;37664;76000;364600
5300;5299;14042350;29539000;7006767;7012060;10916800;61018;115124;719100;48082;79250;370400
5300;5299;14042350;29617200;7148366;7153658;11187000;60961;115048;737800;41746;74364;369300
5300;5299;14042350;29570700;7064011;7069302;11051300;61044;115144;731200;44868;74199;365700
5400;5399;14577300;31070300;7318100;7323487;11456900;62193;117387;734900;40942;74649;369700
5400;5399;14577300;30571300;7298369;7303758;11377500;62298;117565;737100;42073;74251;370800
5400;5399;14577300;30714700;7357945;7363338;11512500;62318;117607;736300;39785;72279;373400
5400;5399;14577300;30733000;7257472;7262864;11462300;62343;117604;744600;44441;82298;371700
5400;5399;14577300;31620700;7351631;7357024;11658900;62386;117665;743400;45073;77732;374300
5400;5399;14577300;30878100;7306936;7312321;11407600;62267;117575;737100;40867;90040;376900
5400;5399;14577300;30610600;7284192;7289588;11368400;62275;117559;742700;52441;92282;381900
5400;5399;14577300;30811100;7195129;7200516;11335800;62278;117479;741500;38832;72253;383400
5400;5399;14577300;31014400;7305170;7310558;11515600;62345;117629;748300;41537;75752;368400
5400;5399;14577300;31038700;7387085;7392479;12798700;62266;117562;740700;40226;73187;371600
5500;5499;15122250;31882200;7615259;7620749;11880000;63544;119996;754000;42301;79451;385700
5500;5499;15122250;32033600;7544498;7549987;11887100;63579;119967;764300;40585;81012;376300
5500;5499;15122250;32019900;7590870;7596360;11981700;63621;120066;757000;43107;80113;386100
5500;5499;15122250;32094900;7611865;7617362;11907400;63512;119936;751000;39957;79702;387900
5500;5499;15122250;31884700;7516777;7522266;11753400;63608;120002;753000;38920;76667;373200
5500;5499;15122250;31790300;7512283;7517772;11797400;63574;119972;755400;42553;79549;380100
5500;5499;15122250;32705700;7490520;7496013;12193300;63763;120069;785300;43565;83349;383500
5500;5499;15122250;32212300;7599186;7604676;12035700;63641;120079;754400;44311;78993;378500
5500;5499;15122250;32050200;7618438;7623931;12027400;63579;120025;757300;41437;77691;377900
5500;5499;15122250;32048800;7520858;7526344;11907900;63581;120054;756000;44277;76809;381400
5600;5599;15677200;33978800;7894548;7900136;13128300;64891;122555;767100;44696;79842;387000
5600;5599;15677200;33304200;7814191;7819785;12328800;64950;122508;766100;44444;80960;385500
5600;5599;15677200;33053600;7904651;7910236;12369700;64882;122522;767900;45196;81448;382100
5600;5599;15677200;33091100;7835153;7840744;12289600;64876;122470;768500;45530;83299;385700
5600;5599;15677200;38801100;7850288;7855877;12527700;64963;122534;769800;41496;84624;388500
5600;5599;15677200;33306900;7854458;7860054;12585500;64897;122580;766200;42385;84267;386900
5600;5599;15677200;33247400;7805915;7811507;12189400;64916;122474;766700;42489;76951;389700
5600;5599;15677200;32912600;7822953;7828546;12235200;65030;122661;781400;42744;81895;387500
5600;5599;15677200;33084500;7794411;7799999;12221900;64936;122556;771400;42857;81420;382800
5600;5599;15677200;33154400;7840384;7845976;12273000;64903;122491;768300;47575;82457;392600
5700;5699;16242150;34107700;8212141;8217831;12907200;66160;124968;781800;48955;85952;398000
5700;5699;16242150;34155100;8199670;8205362;12987500;66191;125032;782200;46798;80073;407700
5700;5699;16242150;34337400;8087102;8092795;12685800;66203;124946;784200;43032;78298;391000
5700;5699;16242150;34243100;8108635;8114325;12625800;66212;125033;780600;44981;81915;394300
5700;5699;16242150;34057300;8091174;8096867;12596100;66199;125009;784100;45400;81719;390500
5700;5699;16242150;34150300;8269450;8275140;12980100;66137;124978;782100;45307;88526;390200
5700;5699;16242150;34413400;8159289;8164985;12862400;66224;125044;783600;42105;79732;400400
5700;5699;16242150;34332300;8118528;8124215;12675800;66253;125038;784500;49518;89213;390100
5700;5699;16242150;34115200;8009463;8015153;12470300;66328;125072;785500;56377;94387;405100
5700;5699;16242150;34590800;8055329;8061026;12850300;66302;125064;782900;45320;82534;397100
5800;5799;16817100;35416700;8446554;8452348;13296500;67465;127415;797400;41142;85318;399800
5800;5799;16817100;35493600;8473324;8479117;13241300;67507;127506;799700;43132;89526;398500
5800;5799;16817100;35319800;8487803;8493593;13221000;67534;127505;800500;40453;79303;393000
5800;5799;16817100;35380200;8213808;8219596;12928200;67615;127478;796100;41414;81005;411000
5800;5799;16817100;35546500;8383116;8388904;13194200;67479;127398;804000;55232;84066;406300
5800;5799;16817100;35420700;8367475;8373267;13032100;67566;127534;799600;49528;85730;410300
5800;5799;16817100;35300100;8331163;8336953;13024100;67506;127458;798600;43098;81548;397700
5800;5799;16817100;35580100;8411739;8417527;13369700;67590;127489;799700;51796;88013;407700
5800;5799;16817100;35476900;8425209;8431002;13229500;67592;127552;805400;50613;87726;408900
5800;5799;16817100;35462700;8324233;8330022;12989700;67590;127547;797900;42328;80658;396200
5900;5899;17402050;36491300;8658718;8664606;13486300;68899;129999;813200;46527;84544;406100
5900;5899;17402050;36580400;8766469;8772358;13752900;68784;129973;814800;42160;83464;401700
5900;5899;17402050;36959000;8664513;8670398;13573100;68858;130011;811400;49594;92440;413700
5900;5899;17402050;36679000;8793996;8799887;13687400;68917;130024;813700;44375;83580;407800
5900;5899;17402050;36544500;8661961;8667850;13501200;68842;129924;815000;48528;83347;409900
5900;5899;17402050;36676400;8656938;8662831;13578000;68855;130079;813700;47962;86427;407700
5900;5899;17402050;36738300;8851774;8857667;13917100;68687;129923;814400;42395;80440;406700
5900;5899;17402050;37090100;8626937;8632830;13478700;68778;129945;815900;39622;85469;394400
5900;5899;17402050;36607200;8726616;8732505;13599700;68861;129980;814900;44738;88817;403500
5900;5899;17402050;36617200;8662125;8668019;13622100;68760;129958;819100;45721;84417;408200
6000;5999;17997000;37995600;8983761;8989751;14184400;70094;132394;833500;52300;96594;428100
6000;5999;17997000;37901700;9061015;9067008;14103700;70174;132474;828600;46037;82896;414800
6000;5999;17997000;37859100;8936724;8942715;13912100;70289;132730;829500;52307;88092;417600
6000;5999;17997000;37932100;9081971;9087963;14236000;70070;132420;828900;42701;84284;408200
6000;5999;17997000;37965100;9050219;9056210;14247800;70084;132395;842000;42878;81902;485600
6000;5999;17997000;38055100;9185834;9191828;14318200;70237;132596;832200;47820;90330;422100
6000;5999;17997000;37791500;8947586;8953579;14140600;70103;132423;829400;47553;86689;414500
6000;5999;17997000;38232000;9025833;9031827;14134800;70194;132539;833900;45388;83258;424100
6000;5999;17997000;38063500;8872264;8878250;13935100;70231;132513;830800;50654;90814;424400
6000;5999;17997000;37872500;8898800;8904788;13881900;70131;132450;830100;46175;86504;408800
6100;6099;18601950;39105500;9309533;9315621;14518200;71470;134976;843900;45646;84593;420900
6100;6099;18601950;39380800;9303658;9309751;14649100;71411;134944;847100;52778;92343;430100
6100;6099;18601950;39528600;9140111;9146205;14267400;71396;134887;848300;51942;97876;440100
6100;6099;18601950;39091900;9196862;9202950;14340300;71463;135013;847800;47889;86577;423300
6100;6099;18601950;39447800;9319410;9325501;14525800;71387;134889;846200;45739;91096;424300
6100;6099;18601950;39316100;9247196;9253286;14499800;71511;134988;849500;51175;98829;429900
6100;6099;18601950;39342400;9421126;9427219;14790400;71401;134981;850100;49702;85174;436400
6100;6099;18601950;39153400;9362887;9368974;14607800;71318;134902;847500;50164;91179;418300
6100;6099;18601950;39101800;9343264;9349359;14640000;71451;134861;852000;44738;86243;431300
6100;6099;18601950;39239600;9262667;9268760;14709600;71500;134987;845000;48995;87107;428300
6200;6199;19216900;40370100;9599047;9605233;14948800;72946;137627;861400;46642;92720;433700
6200;6199;19216900;40485200;9628459;9634652;15053700;72744;137524;861300;52637;90068;586300
6200;6199;19216900;40691200;9457246;9463436;14793300;72803;137429;873600;51741;90057;446900
6200;6199;19216900;40642100;9605303;9611493;15006000;72848;137570;859500;47023;90405;441700
6200;6199;19216900;40298700;9757234;9763424;15215800;72769;137445;858800;46466;88247;427400
6200;6199;19216900;40677900;9656351;9662539;15190800;72658;137357;857300;50590;91354;437500
6200;6199;19216900;40747400;9626554;9632744;15205500;72695;137370;872300;49558;92955;433200
6200;6199;19216900;40406700;9590913;9597106;14929100;72830;137569;864500;48997;88080;429600
6200;6199;19216900;40440600;9601004;9607197;14985200;72913;137582;868400;56551;92664;438700
6200;6199;19216900;40618000;9603695;9609888;15067800;72764;137400;859300;49893;91014;426500
6300;6299;19841850;42638600;9921203;9927488;15645600;74078;139917;883300;53739;95790;436500
6300;6299;19841850;41924000;9805441;9811731;15349300;74106;139865;877500;49211;91107;437300
6300;6299;19841850;42533900;9839213;9845501;15631600;74210;140127;911700;51664;99550;448200
6300;6299;19841850;42717200;10006220;10012508;15687100;74047;139860;950500;48472;87778;443400
6300;6299;19841850;41944500;10013523;10019820;15627300;74054;139913;878600;53653;95350;436500
6300;6299;19841850;42026300;9960636;9966925;15666600;74047;140022;890600;61523;100288;465900
6300;6299;19841850;42405400;9963775;9970066;15895800;74010;139829;918800;46450;90677;439000
6300;6299;19841850;42645400;9959781;9966075;15672700;74062;139974;877500;49978;88853;439200
6300;6299;19841850;41845600;9827981;9834272;15341000;74146;140003;892700;47105;93081;432600
6300;6299;19841850;42419700;9793060;9799347;15850100;74079;139873;879500;53041;96988;459900
6400;6399;20476800;44049700;10246846;10253241;16226300;75443;142457;896300;54870;93254;445400
6400;6399;20476800;43242800;10324576;10330963;16137700;75335;142371;889100;49659;94010;449300
6400;6399;20476800;44944500;10185271;10191663;18134300;75508;142600;900200;52137;100132;459100
6400;6399;20476800;44703900;10263982;10270374;16256800;75403;142502;890400;53027;98165;447600
6400;6399;20476800;43396300;10296825;10303219;16088300;75316;142424;1029700;50669;94719;559300
6400;6399;20476800;43513100;10158480;10164869;16274300;75355;142419;1044400;49303;91881;457100
6400;6399;20476800;44661400;10162947;10169337;16234100;75508;142583;896300;53373;94660;446900
6400;6399;20476800;43376600;10208522;10214914;16139800;75419;142517;895400;58693;103125;455900
6400;6399;20476800;43207600;10169800;10176189;16821800;75427;142583;894400;47119;86439;458700
6400;6399;20476800;43679900;10232524;10238918;16191100;75445;142479;890900;51921;93031;448800
6500;6499;21121750;44926500;10554764;10561255;16592100;76735;144899;915800;48253;93796;466100
6500;6499;21121750;44415600;10565791;10572285;16600700;76710;145003;910000;51450;90316;457000
6500;6499;21121750;44664400;10513147;10519640;16697100;76712;144996;909100;48950;91662;450400
6500;6499;21121750;44405200;10505442;10511934;16371900;76639;144897;902600;52855;101790;480500
6500;6499;21121750;44629900;10710595;10717084;16745600;76658;144858;904500;62374;99806;455400
6500;6499;21121750;44616300;10446616;10453111;16376300;76775;145007;921800;53356;92126;462400
6500;6499;21121750;44471200;10691157;10697645;16678500;76664;144821;908500;49966;94288;449000
6500;6499;21121750;44481100;10474576;10481068;16426700;76685;144905;906100;59513;96246;453100
6500;6499;21121750;44659600;10474629;10481120;16441000;76668;144814;905000;51700;90815;459100
6500;6499;21121750;44673100;10409412;10415902;16295900;76707;144985;908300;51234;94213;449200
6600;6599;21776700;46029900;10766850;10773442;16825700;78167;147622;929900;52887;98587;456900
6600;6599;21776700;46175600;10847832;10854426;16982500;78135;147519;925900;49144;92100;487900
6600;6599;21776700;45856800;10855297;10861892;16914600;78114;147537;922600;49343;92645;457300
6600;6599;21776700;46147800;10854302;10860892;17171300;78039;147463;921200;55586;96112;464000
6600;6599;21776700;46083300;10827770;10834358;16981000;78081;147528;922900;56066;97333;456200
6600;6599;21776700;45870000;10948770;10955361;17053000;78025;147465;923900;57109;103238;464500
6600;6599;21776700;46353800;10786616;10793205;17781500;78037;147387;944700;53152;94212;512000
6600;6599;21776700;46303500;10861131;10867720;17066800;78184;147746;924900;52660;93354;464800
6600;6599;21776700;45745500;10869034;10875626;16918400;78087;147544;920100;51514;94618;458600
6600;6599;21776700;45919300;10948659;10955249;17212100;78044;147511;921000;45759;95541;447200
6700;6699;22441650;47548200;11369933;11376629;18015600;79366;149975;939700;54775;99029;463400
6700;6699;22441650;47739600;11151992;11158684;17372700;79467;150099;936400;52337;97841;463300
6700;6699;22441650;47276200;11173372;11180059;17555300;79361;149958;935700;59913;100706;475800
6700;6699;22441650;47720500;11128043;11134737;17689700;79336;149961;933600;53930;96076;469400
6700;6699;22441650;48075000;11363473;11370165;17818700;79384;149949;947500;51847;97710;471800
6700;6699;22441650;47351300;11240465;11247155;17723700;79428;150063;936600;57106;99881;468300
6700;6699;22441650;47790600;11003468;11010154;17314700;79599;150161;938300;51862;96394;468100
6700;6699;22441650;47387200;11159960;11166648;17495400;79393;150036;937200;50211;96537;475400
6700;6699;22441650;47286500;11207154;11213843;17591300;79275;149819;936100;48672;102094;465900
6700;6699;22441650;47709100;11050209;11056904;17345100;79396;150012;936900;47930;90905;465600
6800;6799;23116600;48803900;11383206;11389994;17827900;80775;152598;949200;56450;111129;473400
6800;6799;23116600;48942300;11588291;11595082;18374500;80742;152548;961000;53310;98391;482900
6800;6799;23116600;48900300;11642673;11649464;18295900;80684;152550;953600;55017;97694;481500
6800;6799;23116600;48665300;11605059;11611846;18127300;80678;152434;953500;53025;96764;471900
6800;6799;23116600;48730700;11443292;11450084;18078200;80643;152376;953500;51697;95334;474900
6800;6799;23116600;50322600;11565852;11572647;18530000;80619;152450;952800;55069;100622;488200
6800;6799;23116600;48778500;11618509;11625302;18138900;80764;152613;955900;51188;104892;475800
6800;6799;23116600;49584400;11702425;11709213;18640200;80646;152496;1049300;55274;103415;557900
6800;6799;23116600;49627900;11555283;11562072;18292600;80692;152518;956700;54153;98791;477800
6800;6799;23116600;49116900;11689246;11696035;18308700;80697;152451;956300;56395;98632;472800
6900;6899;23801550;50680200;11842999;11849888;18885600;82064;155108;970800;56526;104509;487900
6900;6899;23801550;51199100;11989566;11996457;18972100;81979;155017;968200;57218;98018;488900
6900;6899;23801550;50191700;11855372;11862265;18484600;82047;154994;973100;64699;112351;491800
6900;6899;23801550;50405600;11830487;11837378;18578600;82018;155125;966700;55860;102998;492500
6900;6899;23801550;50494400;11771454;11778344;18423300;82095;155100;984300;51988;102342;484800
6900;6899;23801550;50078500;11840970;11847858;18486900;82131;155158;967200;55917;99744;486600
6900;6899;23801550;50276400;11981339;11988236;19455000;82020;155008;964200;54235;107812;485700
6900;6899;23801550;50740100;11890099;11896990;18643200;81990;154995;980800;53130;99320;480000
6900;6899;23801550;50195800;11897032;11903925;18664400;82139;155174;968100;53059;104754;489600
6900;6899;23801550;50318600;11940515;11947407;18757800;82016;155063;988500;54943;99803;485100
7000;6999;24496500;52383300;12341029;12348023;19809800;83278;157494;988200;51763;103024;490200
7000;6999;24496500;51652100;12372163;12379155;19314700;83348;157581;980500;61002;108043;502800
7000;6999;24496500;51715400;12270571;12277560;19287700;83336;157493;984500;59040;104497;492800
7000;6999;24496500;51893200;12216968;12223960;19099700;83381;157590;982800;56843;100731;495000
7000;6999;24496500;51919800;12289037;12296029;19250600;83396;157656;985300;53620;101188;503000
7000;6999;24496500;51784900;12374197;12381188;19435700;83314;157584;986700;58839;107495;503800
7000;6999;24496500;52100700;12212774;12219760;19115100;83437;157614;990100;57714;104563;497100
7000;6999;24496500;51642600;12285626;12292619;19207000;83321;157587;984900;53276;101189;515100
7000;6999;24496500;52063200;12319723;12326720;19432400;83310;157492;988700;57294;108007;490600
7000;6999;24496500;51879600;12092380;12099372;19117300;83407;157627;988500;56421;104655;493400
7100;7099;25201450;55787200;12627020;12634115;26341400;84615;160052;1023900;55416;110571;514800
7100;7099;25201450;56340600;12574929;12582019;20439100;84658;160082;1004400;53629;102047;509100
7100;7099;25201450;54228800;12644258;12651355;20759600;84717;160143;1038900;56954;107617;505400
7100;7099;25201450;53931200;12557772;12564857;19999600;84649;160084;997500;68506;121966;514500
7100;7099;25201450;54196000;12658011;12665101;20700400;84648;160134;998000;66970;108427;503800
7100;7099;25201450;55135100;12487788;12494882;19751400;84641;160085;1001500;58139;107197;501800
7100;7099;25201450;53569300;12626524;12633614;19717400;84613;160151;1000200;54235;102328;503800
7100;7099;25201450;53265800;12604450;12611542;20128600;84699;160138;1002200;57653;112153;508600
7100;7099;25201450;53981200;12509294;12516383;19559100;84639;160011;995700;53755;109599;499400
7100;7099;25201450;52939600;12471772;12478863;19413000;84757;160149;1000500;61407;118427;499000
7200;7199;25916400;54594400;13045097;13052291;20621800;85976;162650;1028700;56362;113870;501800
7200;7199;25916400;54707700;12959702;12966892;20194900;85901;162568;1015500;64793;108008;507200
7200;7199;25916400;54647100;12707872;12715066;19784200;86093;162702;1015000;58636;102213;524200
7200;7199;25916400;54748100;13030109;13037303;20508800;85982;162546;1011800;58068;102183;510300
7200;7199;25916400;54809900;12993323;13000510;20895500;85968;162565;1125400;54689;101443;583900
7200;7199;25916400;54871100;13114581;13121770;20501100;85870;162538;1011700;55512;115427;504700
7200;7199;25916400;55440900;13028283;13035475;20711500;86096;162712;1015700;60025;129392;556300
7200;7199;25916400;55439900;12972468;12979662;20243200;85949;162556;1024900;61285;108315;517400
7200;7199;25916400;55079800;12849598;12856789;20113500;85973;162557;1016300;51454;111677;499800
7200;7199;25916400;55400600;12921658;12928848;20714700;86011;162627;1013400;60388;116216;506900
7300;7299;26641350;57123600;13533964;13541255;21147900;87275;165115;1028900;59710;107277;516300
7300;7299;26641350;56203400;13345464;13352751;20837500;87285;165124;1030800;56673;108034;523300
7300;7299;26641350;57342400;13295801;13303090;21203300;87274;165048;1127400;59557;110315;517600
7300;7299;26641350;56832500;13183780;13191065;20579500;87249;165029;1030600;67553;118244;517700
7300;7299;26641350;56022100;13329191;13336483;20864100;87270;165080;1030900;55467;104597;512100
7300;7299;26641350;57144200;13369912;13377205;21514700;87229;165020;1070000;60391;108767;532900
7300;7299;26641350;56446500;13318386;13325675;20744100;87349;165112;1030300;64647;111198;524300
7300;7299;26641350;55985100;13493627;13500918;21005000;87202;164997;1040500;65571;112018;519700
7300;7299;26641350;56388000;13328726;13336016;20976400;87359;165117;1033500;59855;109845;520800
7300;7299;26641350;57042100;13247004;13254294;20690200;87519;165256;1031700;55510;109720;513900
7400;7399;27376300;58053500;13683071;13690464;21656800;88694;167710;1045400;64287;110709;523800
7400;7399;27376300;58761900;13603373;13610767;21514800;88722;167728;1044900;72614;122132;543200
7400;7399;27376300;57876400;13587575;13594965;21278200;88654;167614;1046300;62142;113675;515200
7400;7399;27376300;58390200;13539552;13546944;21687300;88637;167509;1057700;52009;103792;516500
7400;7399;27376300;58194200;13818567;13825957;21581600;88652;167679;1056200;65417;108237;530900
7400;7399;27376300;58378300;13588627;13596013;23622600;88630;167669;1069600;56719;113891;526400
7400;7399;27376300;57874700;13663347;13670739;21359900;88706;167674;1043000;57371;108541;520000
7400;7399;27376300;57648000;13686725;13694113;21454500;88620;167575;1048500;60565;106226;523800
7400;7399;27376300;58774400;13745084;13752471;21714700;88589;167611;1051000;60192;108826;530800
7400;7399;27376300;57933200;13716870;13724262;21346000;88599;167578;1047100;59499;114855;524400
7500;7499;28121250;59244100;14031781;14039274;22033100;89902;170115;1060100;64260;110951;528900
7500;7499;28121250;59509100;14161636;14169124;22081200;90037;170116;1063400;68541;113131;535800
7500;7499;28121250;59433200;14060682;14068171;22094000;89967;170158;1059900;69296;125814;547500
7500;7499;28121250;59891600;14147133;14154623;22389200;89900;170112;1134600;61395;107416;534200
7500;7499;28121250;59173600;14081930;14089419;22026700;89993;170175;1060900;58926;106196;529200
7500;7499;28121250;59691200;14041991;14049484;22089100;90082;170305;1059700;60811;115510;530500
7500;7499;28121250;59397000;14027766;14035255;21863100;90121;170378;1064800;58669;107782;535800
7500;7499;28121250;59664600;13937469;13944959;22050600;90028;170269;1065600;69357;116496;572000
7500;7499;28121250;60264300;13986456;13993949;22758100;90073;170252;1070600;57399;109116;529200
7500;7499;28121250;60229400;14142559;14150052;22013400;90010;170139;1064600;64149;110034;549600
7600;7599;28876200;61332100;14488496;14496084;22841300;91331;172811;1077500;65130;110587;545800
7600;7599;28876200;61221100;14525448;14533037;22725000;91243;172724;1086300;60235;111819;536900
7600;7599;28876200;61046000;14406839;14414430;22637100;91278;172738;1080800;69301;127889;551000
7600;7599;28876200;61168300;14601852;14609440;23016400;91197;172596;1088200;63573;116136;615900
7600;7599;28876200;60922400;14514377;14521972;22613700;91168;172510;1081600;60332;110284;536500
7600;7599;28876200;61463300;14394116;14401710;22754500;91393;172760;1101800;68677;114696;545800
7600;7599;28876200;60847100;14309618;14317210;22327700;91355;172828;1095300;65071;123386;539100
7600;7599;28876200;60965100;14686375;14693960;23440500;91190;172572;1082400;60009;116463;540300
7600;7599;28876200;61830700;14452228;14459820;23246200;91145;172537;1078300;59543;114642;543100
7600;7599;28876200;61121700;14334650;14342239;22544700;91203;172613;1082700;59669;112595;540500
7700;7699;29641150;64901800;14699245;14706929;24055000;92756;175368;1094400;68552;118062;558700
7700;7699;29641150;64229600;14941795;14949489;23590300;92684;175297;1142400;77175;130464;571500
7700;7699;29641150;63316200;14883715;14891409;23594100;92706;175321;1095500;65534;115030;589800
7700;7699;29641150;64903000;15006562;15014251;23724500;92575;175068;1093800;59282;116558;542400
7700;7699;29641150;62798500;14673493;14681186;22917000;92674;175217;1090700;67955;117651;557700
7700;7699;29641150;63348100;14859081;14866775;23787100;92604;175128;1096400;61698;113423;547700
7700;7699;29641150;62792600;14891776;14899465;23206300;92539;175146;1094400;62553;115213;552600
7700;7699;29641150;63263300;14730501;14738195;23256500;92668;175210;1134800;61307;109648;549600
7700;7699;29641150;62968100;14888894;14896588;23242500;92687;175243;1094100;52937;123575;540000
7700;7699;29641150;62389500;14770652;14778341;23074400;92741;175367;1132300;57088;111205;539600
7800;7799;30416100;67075900;15372630;15380418;25044700;93901;177773;1154500;62024;122868;572100
7800;7799;30416100;64219900;15234238;15242029;23707200;93933;177738;1112500;65683;115487;553300
7800;7799;30416100;64272900;15062650;15070440;24147200;94005;177817;1111000;64752;115592;577100
7800;7799;30416100;64126000;15199578;15207373;23691800;94007;177782;1105700;73202;125442;569400
7800;7799;30416100;64144100;15140857;15148648;24301100;94010;177876;1113000;61756;112269;554200
7800;7799;30416100;64842200;15126665;15134454;29801900;93870;177684;1362200;73594;118458;586100
7800;7799;30416100;66644700;15190219;15198009;32850900;93992;177781;1484700;62364;118349;697900
7800;7799;30416100;64657400;15231647;15239439;24452800;93906;177698;1110800;60279;110870;557300
7800;7799;30416100;64229700;15232340;15240134;24042700;93989;177801;1118200;66042;113106;560000
7800;7799;30416100;64712000;15429236;15437024;24390000;93745;177573;1109100;64996;117659;569400
7900;7899;31201050;66585700;15634436;15642329;24788300;95255;180295;1135400;66759;121337;563500
7900;7899;31201050;66362000;15803988;15811880;24835200;95191;180132;1128400;64558;113287;564400
7900;7899;31201050;66142200;15676790;15684682;24864000;95333;180408;1124200;74509;134085;567600
7900;7899;31201050;66653700;15545153;15553044;24733700;95402;180384;1124700;59982;128895;563300
7900;7899;31201050;65863100;15576999;15584886;24971600;95354;180383;1125900;59030;121222;549400
7900;7899;31201050;66596800;15629634;15637525;24665600;95251;180216;1130100;66681;113294;569300
7900;7899;31201050;65785500;15566972;15574862;24364000;95423;180387;1135300;62590;117512;554500
7900;7899;31201050;65692100;15666242;15674135;24866800;95225;180280;1133300;62420;115258;569600
7900;7899;31201050;66394500;15520991;15528882;25087000;95264;180260;1128200;68418;124117;564300
7900;7899;31201050;65797600;15562454;15570342;24240500;95193;180126;1138200;56550;109705;563700
8000;7999;31996000;68165200;15901159;15909152;25355200;96654;182937;1153200;63547;125662;580100
8000;7999;31996000;67304500;15945847;15953833;24874900;96562;182782;1140900;60566;117397;573000
8000;7999;31996000;67687000;16124880;16132872;25314600;96593;182764;1142300;65283;119596;566300
8000;7999;31996000;67290900;16026943;16034933;26591400;96618;182901;1138300;62750;114429;567700
8000;7999;31996000;67701000;15926450;15934439;25058000;96623;182859;1141500;56200;116313;560600
8000;7999;31996000;67554900;16133930;16141917;25266000;96581;182847;1154700;62534;112229;589000
8000;7999;31996000;68312500;16039334;16047323;25338200;96719;182907;1146300;62217;118994;567500
8000;7999;31996000;67618500;15934624;15942616;25703300;96719;182975;1370900;74648;126028;593700
8000;7999;31996000;67826400;15861294;15869290;24978100;96737;182966;1142500;61907;115058;573300
8000;7999;31996000;68108300;15993466;16001458;25290200;96577;182731;1141300;71994;123350;573600
8100;8099;32800950;70287000;16243650;16251744;25539600;97961;185415;1154700;60037;118144;579400
8100;8099;32800950;69192000;16357051;16365139;25778100;97978;185429;1156200;79797;130569;595800
8100;8099;32800950;69877500;16318492;16326578;25909700;98057;185425;1155800;64767;120109;583000
8100;8099;32800950;69050700;16416243;16424336;25674200;97910;185390;1157800;70387;127189;573600
8100;8099;32800950;69543200;16425927;16434016;25858300;98012;185423;1193500;58939;116455;596400
8100;8099;32800950;69908800;16557097;16565193;25923500;97932;185293;1161600;70826;123884;586800
8100;8099;32800950;69595400;16386737;16394827;25827500;97932;185321;1158000;71226;123907;575200
8100;8099;32800950;70000300;16299337;16307431;26061600;97986;185368;1163200;62510;118234;572700
8100;8099;32800950;70504800;16253782;16261864;25801000;98087;185424;1158400;71671;134659;590000
8100;8099;32800950;69843200;16469137;16477231;26634500;98002;185400;1158600;68786;117853;579300
8200;8199;33615900;72961300;16593543;16601728;27232100;99447;188069;1183000;67631;123417;584900
8200;8199;33615900;71542900;16950967;16959159;27598700;99382;188054;1175400;64617;122102;582800
8200;8199;33615900;73295400;16918004;16926192;27142900;99285;187902;1174600;62300;119776;609000
8200;8199;33615900;71867800;16821558;16829747;26560900;99301;187888;1170500;74791;126657;590300
8200;8199;33615900;71635300;16684630;16692818;26225200;99247;187907;1179800;64912;120411;585300
8200;8199;33615900;70952400;16977550;16985739;26688200;99321;188014;1171400;69771;123449;587300
8200;8199;33615900;71546600;16804513;16812697;26475800;99292;187865;1173600;58884;121416;577100
8200;8199;33615900;70936500;16817941;16826134;26385300;99242;187872;1177700;64335;124971;577900
8200;8199;33615900;71532100;16745320;16753507;27623500;99259;187856;1214200;60171;117651;585400
8200;8199;33615900;73377000;16723409;16731596;26264200;99216;187839;1172500;68257;119966;613800
8300;8299;34440850;73028000;17039850;17048134;27644600;100815;190623;1189800;69643;128703;594800
8300;8299;34440850;72750400;17137185;17145471;26919800;100656;190478;1209200;71795;133462;596900
8300;8299;34440850;72867100;17146511;17154800;26875300;100654;190451;1197200;61223;118057;593500
8300;8299;34440850;72369800;17379798;17388085;27763500;100613;190449;1188900;63505;121938;602200
8300;8299;34440850;72970700;17234477;17242765;26967700;100706;190521;1188400;64857;121863;587700
8300;8299;34440850;72515700;17142826;17151108;28327900;100767;190698;1196000;74346;129630;626400
8300;8299;34440850;73013700;17269176;17277463;27007800;100589;190381;1191800;68761;126505;602600
8300;8299;34440850;72410600;17230884;17239176;27026000;100611;190534;1265600;66640;124152;592700
8300;8299;34440850;72892500;17095686;17103978;26684000;100649;190449;1190800;62075;118479;586200
8300;8299;34440850;72600100;16700672;16708961;26130900;100801;190575;1196600;61369;122467;585700
8400;8399;35275800;74684700;17688800;17697195;27634500;101953;193005;1207300;71959;127140;604400
8400;8399;35275800;74202700;17776825;17785212;28667800;102108;193240;1284900;74517;132389;629800
8400;8399;35275800;74952600;17631100;17639484;27554500;102037;193121;1204500;60950;125830;593200
8400;8399;35275800;74448100;17534411;17542801;27489200;102106;193179;1210600;78537;132786;607700
8400;8399;35275800;74970300;17576233;17584625;27567800;102000;193059;1208600;63933;122352;597800
8400;8399;35275800;74271100;17874979;17883371;28082500;101926;193005;1235900;64110;118672;602400
8400;8399;35275800;74786100;17713189;17721585;28112700;101944;193089;1328900;73972;130833;604100
8400;8399;35275800;74627100;17847677;17856069;27977000;102102;193226;1206700;65861;127804;601800
8400;8399;35275800;74770000;17542787;17551177;27380000;101930;192955;1204700;75843;131567;605800
8400;8399;35275800;74504600;17561184;17569574;27803500;102003;193075;1240800;68589;126685;624000
8500;8499;36120750;76647700;17739744;17748233;27857400;103485;195835;1229500;69836;126452;608500
8500;8499;36120750;76179400;18020907;18029399;28267100;103476;195883;1225800;67025;130661;624900
8500;8499;36120750;76828700;18146938;18155428;28298600;103455;195795;1224400;66480;134139;609900
8500;8499;36120750;76065300;17983342;17991831;28316600;103499;195827;1229100;78104;145214;610900
8500;8499;36120750;76707800;17876028;17884520;28226500;103493;195670;1222900;75174;131162;609400
8500;8499;36120750;76170800;18102830;18111323;29197300;103417;195741;1223600;66458;119862;614300
8500;8499;36120750;76380100;18110924;18119417;28250300;103305;195684;1221100;63687;140969;617400
8500;8499;36120750;76136400;18160546;18169033;28632400;103453;195784;1224600;68161;135463;625800
8500;8499;36120750;76492300;18409776;18418263;28714600;103287;195624;1219900;74220;126723;611900
8500;8499;36120750;76160400;17923231;17931718;28180600;103532;195962;1226000;72107;128607;597200
8600;8599;36975700;78243900;18572599;18581191;28969600;104750;198405;1237600;75048;133933;619500
8600;8599;36975700;78171700;18412876;18421469;28960400;104723;198310;1236800;70623;134114;631000
8600;8599;36975700;78998000;18454225;18462817;29759600;104682;198186;1258300;68971;131371;673700
8600;8599;36975700;78882400;18485198;18493793;29445500;104759;198329;1245800;78712;137263;624900
8600;8599;36975700;79975600;18677346;18685938;32156600;104751;198295;1258100;71691;127862;615800
8600;8599;36975700;79096300;18407423;18416015;29335400;104796;198298;1240800;70738;127298;629600
8600;8599;36975700;78385900;18529282;18537873;29657600;104789;198354;1279800;76926;131484;660900
8600;8599;36975700;79196900;18595150;18603744;30353100;104763;198370;1246200;74036;130584;645600
8600;8599;36975700;79904100;18421828;18430419;29077200;104787;198303;1251300;71893;133108;619100
8600;8599;36975700;78307400;18327901;18336493;29346500;104746;198282;1251400;69664;124827;620800
8700;8699;37840650;79893300;18788681;18797373;29351800;106168;201041;1262100;69818;126923;621200
8700;8699;37840650;79777100;18985780;18994471;29823500;106071;200879;1264900;67858;127716;619000
8700;8699;37840650;79941400;19142532;19151222;30065300;106099;200998;1268200;79954;138390;619400
8700;8699;37840650;79864800;19187565;19196259;30038600;106142;201000;1273100;67566;124566;620400
8700;8699;37840650;79941300;18717631;18726320;29281400;106220;200991;1254200;67258;126843;618000
8700;8699;37840650;79811500;18861990;18870679;29640200;106175;201008;1255900;67362;126185;622100
8700;8699;37840650;79987500;18929767;18938455;29723800;106070;200923;1248200;80255;132298;638200
8700;8699;37840650;79952100;18914856;18923539;29728000;106249;201031;1252400;66699;136973;629800
8700;8699;37840650;80451500;18848141;18856833;29456800;106268;201098;1251300;73218;132368;618400
8700;8699;37840650;80121200;19003571;19012262;29762300;106260;201011;1313900;71086;134253;621600
8800;8799;38715600;82063800;19405475;19414263;30504400;107602;203687;1269300;72917;128737;629400
8800;8799;38715600;82742100;19166686;19175474;30785000;107505;203626;1280800;81321;137772;665400
8800;8799;38715600;81847100;19284809;19293603;30214900;107636;203676;1272600;72416;128623;624000
8800;8799;38715600;81948900;19241794;19250586;30442700;107627;203671;1267100;65983;137434;617100
8800;8799;38715600;82032000;19381967;19390757;30342500;107500;203535;1273700;66869;124962;660800
8800;8799;38715600;82199400;19465212;19474005;30877000;107561;203659;1272500;73605;133166;624300
8800;8799;38715600;82117900;19127025;19135816;30014400;107590;203638;1275100;68046;136225;638600
8800;8799;38715600;82503000;19468127;19476915;30835400;107494;203579;1266400;80216;134715;637000
8800;8799;38715600;82244800;19488456;19497242;30365000;107693;203817;1285400;73121;134955;708700
8800;8799;38715600;82489500;19442932;19451722;30533000;107577;203750;1265800;80834;150131;643400
8900;8899;39600550;83520300;19804152;19813036;30819400;108955;206280;1280400;70220;129206;644000
8900;8899;39600550;83939300;19910178;19919064;31273700;108901;206169;1283900;66160;142903;642100
8900;8899;39600550;83579300;19597976;19606863;30909800;108933;206197;1287300;65833;136721;631000
8900;8899;39600550;83673300;19831965;19840853;33903100;109002;206310;1358800;77154;134798;642500
8900;8899;39600550;83621900;19717155;19726045;31020000;109000;206276;1283900;76544;134076;640100
8900;8899;39600550;84044600;19578483;19587371;31182300;109020;206315;1301700;66321;128226;636600
8900;8899;39600550;83782100;19944894;19953785;31160400;108919;206193;1279700;76276;135740;665400
8900;8899;39600550;84218000;19745753;19754641;31137300;108928;206183;1283100;74926;140963;652200
8900;8899;39600550;83730100;19769301;19778194;30827300;108884;206166;1281300;71432;132944;645900
8900;8899;39600550;83771100;19681017;19689905;30981400;109014;206339;1283300;70637;132998;635700
9000;8999;40495500;85420400;20131293;20140285;31783500;110334;208951;1309500;72280;143359;743400
9000;8999;40495500;85478200;20190691;20199682;31741600;110300;208798;1297300;74096;133263;640300
9000;8999;40495500;85252600;20087780;20096773;31325900;110329;208997;1325600;67773;128113;646800
9000;8999;40495500;91145400;20236466;20245451;32641400;110433;208995;1299700;69797;139646;654600
9000;8999;40495500;87097900;19971612;19980607;31730400;110317;208824;1308200;78632;151181;667900
9000;8999;40495500;87399100;20313434;20322420;32275700;110329;208869;1298600;73373;140812;654400
9000;8999;40495500;87135000;20493830;20502819;34472000;110417;209027;1312900;77417;136386;646800
9000;8999;40495500;88489500;20247001;20255993;34340900;110252;208863;1679400;74903;138792;652700
9000;8999;40495500;85962100;20091369;20100358;31494300;110210;208778;1300400;78968;134302;655500
9000;8999;40495500;85596300;20059495;20068483;31736700;110360;208933;1328200;70112;129470;652900
9100;9099;41400450;87708200;20550535;20559625;33171400;111764;211600;1324800;71882;132807;647200
9100;9099;41400450;90409600;20334236;20343331;33617700;111777;211530;1379700;77456;149640;663900
9100;9099;41400450;89454300;20543280;20552371;32826200;111671;211521;1321100;74359;138880;682200
9100;9099;41400450;89080600;20567953;20577036;32523700;111700;211651;1320800;79675;144517;655600
9100;9099;41400450;87638400;20642003;20651092;32237300;111834;211617;1319400;71455;132648;656300
9100;9099;41400450;87551200;20486752;20495841;32214000;111575;211418;1330500;82045;144508;649600
9100;9099;41400450;87862900;20621058;20630150;32145500;111799;211614;1320500;75283;145297;652500
9100;9099;41400450;95003700;20685126;20694217;33829500;111655;211485;1396500;77785;133365;732800
9100;9099;41400450;90852000;20817704;20826791;32952700;111535;211385;1321500;78251;134656;666700
9100;9099;41400450;88419300;20811972;20821061;33352400;111627;211380;1346500;80370;158011;696700
9200;9199;42315400;90871700;21291507;21300697;33961000;113138;214251;1367600;83700;145194;731200
9200;9199;42315400;90266300;21143451;21152638;33264400;112994;213969;1397100;74041;138049;690600
9200;9199;42315400;89132100;21174830;21184023;33269500;113019;214070;1330800;78821;139669;659400
9200;9199;42315400;89670200;21054300;21063492;33195600;113123;214208;1338800;80316;148447;696000
9200;9199;42315400;89181600;20997865;21007059;32688600;113208;214350;1337800;71153;135296;663100
9200;9199;42315400;89455500;21148732;21157922;33500100;113091;214184;1343800;77907;135936;660100
9200;9199;42315400;89051700;21278114;21287302;33209700;113031;214113;1330700;77953;168462;675100
9200;9199;42315400;89740800;21201025;21210217;33414200;113156;214234;1333600;76698;138001;667300
9200;9199;42315400;89131300;21030412;21039597;32752100;113103;214199;1332100;69956;137829;658800
9200;9199;42315400;89583000;20818736;20827926;32793900;113209;214259;1372800;78524;146378;669100
9300;9299;43240350;90998100;21723906;21733195;33766400;114443;216841;1345400;75064;145334;667900
9300;9299;43240350;91534400;21602008;21611298;33848700;114607;216933;1351400;81294;143763;671900
9300;9299;43240350;90932300;21248147;21257437;33826200;114566;216927;1348000;80057;137269;682200
9300;9299;43240350;91570200;21460185;21469480;34062400;114522;216860;1349100;72561;144896;675000
9300;9299;43240350;91263100;21671742;21681027;34187700;114289;216697;1367400;75418;142102;676200
9300;9299;43240350;91737700;21563435;21572723;34230100;114480;216829;1363200;78580;136853;673100
9300;9299;43240350;91262800;21688600;21697885;33949900;114457;216868;1359600;71899;136298;675400
9300;9299;43240350;91376200;21649268;21658562;33978500;114563;216879;1349700;78404;139758;676900
9300;9299;43240350;91564800;21776661;21785953;33905500;114528;216810;1346400;76018;138299;673600
9300;9299;43240350;91562900;21727266;21736559;34453400;114607;216917;1349700;75569;137600;680600
9400;9399;44175300;93202800;22156733;22166120;37207000;115876;219443;1365400;83232;142473;680800
9400;9399;44175300;95133600;22205118;22214510;35421000;115903;219585;1366600;83064;145614;689800
9400;9399;44175300;94897200;21998173;22007561;59187600;115894;219506;7381100;89449;148894;699100
9400;9399;44175300;94527800;22470065;22479453;35723500;115808;219457;1361000;75111;147715;683500
9400;9399;44175300;94125400;22036682;22046073;34822100;115985;219521;1364800;78232;145503;682000
9400;9399;44175300;93489200;22077559;22086945;34458300;115894;219486;1363500;72405;141600;685900
9400;9399;44175300;93838600;21888029;21897418;34315400;115878;219442;1375600;76604;146697;698200
9400;9399;44175300;93094500;22258684;22268071;34777300;116001;219625;1364400;76486;140469;666200
9400;9399;44175300;93881800;22506207;22515597;35404900;115850;219468;1366700;92763;154203;695200
9400;9399;44175300;93514000;21994125;22003516;34293400;116004;219660;1364300;72081;142118;669600
9500;9499;45120250;95603800;22665958;22675445;35449800;117249;222064;1380000;76716;144051;717900
9500;9499;45120250;95231600;22736662;22746154;35464300;117157;221975;1375100;84316;152830;695600
9500;9499;45120250;95885600;22720125;22729617;35705400;117218;221993;1402300;74571;142896;752700
9500;9499;45120250;95035000;22290003;22299497;34759700;117346;222234;1384100;72732;144474;673700
9500;9499;45120250;96062700;22640515;22650002;35549700;117180;222021;1385800;74604;138745;738200
9500;9499;45120250;95493900;22472525;22482017;35512100;117220;222042;1437400;78243;140843;687300
9500;9499;45120250;102248100;22533209;22542693;35687700;117224;222019;1380200;83165;146974;702700
9500;9499;45120250;95648400;22594976;22604467;35258300;117265;222152;1376600;92372;164035;685500
9500;9499;45120250;97192300;22792079;22801566;35815300;117212;221970;1377700;74932;139575;681400
9500;9499;45120250;95210000;22399724;22409210;35155200;117369;222155;1378900;77231;140669;690200
9600;9599;46075200;98003200;23093619;23103206;36301200;118614;224770;1391300;74502;152567;688200
9600;9599;46075200;97119100;22846855;22856441;35608600;118548;224770;1391200;76711;138926;694600
9600;9599;46075200;97888500;23269843;23279428;36403200;118532;224607;1414100;84990;151356;695500
9600;9599;46075200;97414300;23072494;23082089;36133100;118521;224716;1394100;81522;150413;711000
9600;9599;46075200;97880300;23010901;23020489;36325100;118534;224645;1394800;71162;150921;684800
9600;9599;46075200;97243500;22831685;22841273;36066600;118736;224792;1406300;77829;147248;691400
9600;9599;46075200;98455100;22967989;22977578;36086600;118680;224861;1394300;85118;144073;703600
9600;9599;46075200;97084500;23060623;23070210;39411900;118700;224728;1394800;88863;152038;725400
9600;9599;46075200;97498700;22912247;22921838;35770200;118674;224810;1409600;89758;155414;693400
9600;9599;46075200;97291600;23160414;23170007;36369600;118691;224705;1392000;84365;152159;707500
9700;9699;47040150;100848600;23443192;23452875;36648900;120063;227443;1415500;80271;150582;696000
9700;9699;47040150;98773200;23410048;23419737;36386900;120079;227390;1410300;97139;157697;714000
9700;9699;47040150;99798700;23466283;23475974;36819400;119980;227340;1415000;83794;152663;714800
9700;9699;47040150;99251400;23366205;23375895;36666700;120094;227368;1414700;80593;151655;697100
9700;9699;47040150;99638400;23722876;23732562;37071300;119967;227345;1411200;82937;146161;702600
9700;9699;47040150;100638200;23758644;23768335;37651000;120075;227482;1435600;77724;147656;698700
9700;9699;47040150;102667000;23446115;23455804;38863400;119934;227283;1470800;76699;158728;698500
9700;9699;47040150;100724000;23624393;23634086;37390600;120104;227553;1431600;73961;153533;711000
9700;9699;47040150;101183600;23509050;23518743;37439600;120085;227489;1409500;89861;158262;730600
9700;9699;47040150;98912000;23587960;23597650;36843700;120077;227568;1411200;79145;148725;687900
9800;9799;48015100;102194100;23940152;23949943;37504300;121537;230149;1434700;79467;145256;709800
9800;9799;48015100;101001400;24268631;24278422;37723100;121410;230119;1424900;82690;146437;703700
9800;9799;48015100;101757400;24047993;24057781;37669500;121396;229967;1426800;79986;148735;714200
9800;9799;48015100;101498600;24074383;24084173;37418300;121344;230024;1425900;75665;157170;712800
9800;9799;48015100;102004900;23948726;23958516;37357400;121279;229946;1429000;82147;144638;704700
9800;9799;48015100;101103900;24125097;24134887;37510600;121266;230024;1423600;76971;147986;705200
9800;9799;48015100;101972900;24125939;24135730;37618800;121346;229947;1422100;92907;155934;716600
9800;9799;48015100;100904100;23902755;23912548;37343700;121402;230077;1429100;86626;149955;721000
9800;9799;48015100;101719700;23930852;23940639;37364900;121453;230087;1434600;84413;147981;704000
9800;9799;48015100;101081400;23915411;23925201;37205200;121360;229946;1424600;73476;156738;700100
9900;9899;49000050;104309100;24143909;24153801;37710900;122786;232668;1447100;74155;146333;723000
9900;9899;49000050;103205300;24548342;24558235;38153400;122813;232710;1445000;82362;146983;724200
9900;9899;49000050;103592700;24594957;24604844;38286900;122680;232577;1443900;78195;154288;713000
9900;9899;49000050;103243700;24448982;24458869;38188600;122703;232596;1447800;75513;153772;711800
9900;9899;49000050;103155000;24487427;24497312;38260300;122748;232661;1465800;79192;147774;719200
9900;9899;49000050;103652500;24394886;24404772;38290900;122867;232707;1451600;83164;151118;723400
9900;9899;49000050;103547900;24559063;24568955;38929900;122754;232737;1474600;80247;146580;717500
9900;9899;49000050;103259300;24522411;24532302;38520200;122758;232687;1442600;90207;156882;727600
9900;9899;49000050;124775300;24645079;24654966;38669100;122772;232592;1500000;88865;160299;909000
9900;9899;49000050;103679700;24440997;24450886;38054200;122885;232773;1445600;77345;149534;717900
10000;9999;49995000;105216400;24943045;24953037;38767700;124180;235279;1464500;91359;161743;723600
10000;9999;49995000;105954500;25126339;25136327;39166900;124200;235423;1461400;89703;156913;732000
10000;9999;49995000;107494200;24999245;25009240;54113500;124354;235542;1460400;91105;155592;736700
10000;9999;49995000;105515000;24658052;24668040;38440900;124187;235358;1469100;86914;153853;743400
10000;9999;49995000;105532400;24892786;24902774;39052000;124263;235453;1458300;81696;148820;726400
10000;9999;49995000;106882400;25009418;25019404;39744500;124221;235356;1479000;92465;161514;722300
10000;9999;49995000;105280000;25016566;25026556;39231200;124131;235314;1466000;83769;159739;727800
10000;9999;49995000;106705200;25061128;25071119;40156800;124261;235444;1636700;84253;158313;719400
10000;9999;49995000;106160300;25076031;25086021;39841000;124198;235305;1506900;74209;158600;714800
10000;9999;49995000;106104200;25023401;25033392;39241300;124104;235173;1457500;79213;145805;739100
