n;sel_swap;sel_comp;sel_time;ins_swap;ins_comp;ins_time;heap_swap;heap_comp;heap_time;quick_swap;quick_comp;quick_time
100;99;4950;1;2280;2377;0;595;1037;1;283;630;0
200;199;19900;1;10204;10402;0;1351;2436;0;919;1711;0
300;299;44850;1;21450;21744;1;2207;3998;0;1553;2409;0
400;399;79800;2;38921;39313;3;3142;5722;0;2366;4042;0
500;499;124750;2;63799;64292;2;4040;7406;1;2535;4654;0
600;599;179700;4;87154;87747;2;5041;9257;0;4013;6519;0
700;699;244650;1;120535;121231;1;6032;11134;0;4779;7335;0
800;799;319600;1;156404;157195;1;7067;13063;0;5032;8231;0
900;899;404550;1;200345;201236;1;8034;14911;1;5730;10040;0
1000;999;499500;1;259572;260565;1;9065;16838;0;5778;10854;1
1100;1099;604450;1;300422;301511;1;10131;18854;1;5918;11544;0
1200;1199;719400;2;358003;359201;1;11206;20875;1;7388;14167;0
1300;1299;844350;2;430087;431381;1;12320;22949;0;7017;14125;0
1400;1399;979300;2;483196;484587;2;13411;25001;0;8385;15382;0
1500;1499;1124250;3;569859;571347;1;14546;27136;0;8701;17489;0
1600;1599;1279200;3;640454;642048;2;15653;29205;0;9633;18549;0
1700;1699;1444150;3;723783;725476;1;16722;31245;1;9857;19287;0
1800;1799;1619100;4;805711;807504;2;17870;33410;1;10941;21251;0
1900;1899;1804050;4;922481;924371;2;18992;35559;1;13245;25161;0
2000;1999;1999000;4;1013215;1015206;2;20202;37778;1;16790;27408;0
2100;2099;2203950;4;1134472;1136565;3;21263;39829;1;14362;25369;0
2200;2199;2418900;6;1225097;1227292;3;22460;42074;1;16703;28610;0
2300;2299;2643850;6;1307262;1309553;4;23679;44332;1;15160;27784;0
2400;2399;2878800;7;1420578;1422969;4;24903;46633;1;16682;31186;0
2500;2499;3123750;7;1565471;1567960;5;26076;48828;1;15005;29629;0
2600;2599;3378700;8;1685109;1687695;5;27290;51165;1;17577;31127;0
2700;2699;3643650;8;1797762;1800451;5;28453;53388;1;22260;37404;1
2800;2799;3918600;8;1967458;1970247;3;29671;55647;1;19860;37583;0
2900;2899;4203550;9;2064362;2067258;4;30931;57955;0;19858;36298;0
3000;2999;4498500;10;2232692;2235686;3;32099;60253;4;21176;38994;0
3100;3099;4803450;10;2412094;2415186;4;33187;62480;0;21245;40217;0
3200;3199;5118400;10;2549032;2552224;5;34559;64887;0;22724;42596;1
3300;3299;5443350;12;2752901;2756194;5;35702;67171;0;25295;44710;1
3400;3399;5778300;13;2914299;2917692;5;36934;69492;1;21946;44575;0
3500;3499;6123250;13;3077330;3080819;8;38239;71821;0;32941;50603;0
3600;3599;6478200;14;3264553;3268141;6;39416;74096;0;25677;45549;0
3700;3699;6843150;15;3485648;3489336;6;40591;76366;1;24789;46108;0
3800;3799;7218100;15;3609372;3613163;7;41911;78807;0;29499;52122;1
3900;3899;7603050;16;3789330;3793225;7;43067;81017;0;27393;52944;1
4000;3999;7998000;18;4038014;4042009;12;44371;83460;1;31524;55025;0
4100;4099;8402950;19;4235560;4239655;10;45519;85686;1;30970;55588;0
4200;4199;8817900;20;4372577;4376767;12;46844;88131;1;28033;55744;0
4300;4299;9242850;22;4587170;4591459;12;48135;90742;1;33831;60684;1
4400;4399;9677800;21;4861662;4866056;13;49295;92938;1;32288;59551;0
4500;4499;10122750;24;5110349;5114844;12;50624;95402;1;35209;72481;0
4600;4599;10577700;24;5299291;5303884;8;51864;97820;0;35612;63389;1
4700;4699;11042650;24;5596988;5601682;13;53291;100435;1;36784;70941;0
4800;4799;11517600;25;5759921;5764711;11;54536;102790;1;35816;66947;0
4900;4899;12002550;26;5948138;5953026;15;55809;105278;0;39631;71077;1
5000;4999;12497500;28;6277467;6282461;10;57062;107662;1;36712;67852;1
5100;5099;13002450;28;6536420;6541510;11;58425;110139;1;46013;78950;0
5200;5199;13517400;29;6849946;6855135;12;59777;112695;0;43510;81663;0
5300;5299;14042350;29;7087330;7092616;11;61027;115093;1;42952;77578;0
5400;5399;14577300;31;7171323;7176718;12;62322;117505;1;42015;75591;0
5500;5499;15122250;32;7641177;7646662;13;63578;119973;1;46490;80065;0
5600;5599;15677200;34;7696019;7701612;12;64990;122645;1;42898;80063;1
5700;5699;16242150;34;8101963;8107651;14;66218;124942;1;42088;81075;0
5800;5799;16817100;36;8490271;8496065;14;67498;127391;1;40927;79160;0
5900;5899;17402050;38;8659241;8665132;15;68878;129970;1;47905;90400;0
6000;5999;17997000;38;9071733;9077725;15;70090;132390;1;52137;91166;0
6100;6099;18601950;39;9400149;9406241;16;71328;134876;1;49352;88044;0
6200;6199;19216900;41;9597867;9604062;16;72662;137357;1;47294;91521;0
6300;6299;19841850;42;10008374;10014660;17;74063;140025;1;52485;96850;0
6400;6399;20476800;43;10277101;10283495;17;75374;142432;1;58130;103644;1
6500;6499;21121750;45;10508405;10514892;17;76724;144946;1;45377;89997;0
6600;6599;21776700;46;10989436;10996023;19;78059;147537;1;68897;108174;0
6700;6699;22441650;50;11105881;11112573;18;79486;150032;1;54495;102029;0
6800;6799;23116600;49;11525158;11531949;20;80689;152601;1;51776;97064;0
6900;6899;23801550;51;12009095;12015983;19;82024;155056;1;54072;95819;1
7000;6999;24496500;52;12231663;12238648;19;83294;157487;1;52774;101090;1
7100;7099;25201450;53;12662964;12670044;22;84653;159970;1;55353;102258;0
7200;7199;25916400;55;12771400;12778595;21;86113;162720;1;54971;103998;1
7300;7299;26641350;56;13467858;13475145;23;87255;165069;1;58010;110393;0
7400;7399;27376300;59;13730927;13738320;23;88660;167689;1;60656;109595;0
7500;7499;28121250;60;14061925;14069412;23;89988;170238;1;65439;122211;0
7600;7599;28876200;61;14390749;14398338;24;91290;172709;1;58999;108142;1
7700;7699;29641150;63;14602569;14610256;24;92730;175330;1;61461;124451;1
7800;7799;30416100;64;15393600;15401390;25;94059;177857;1;65474;120923;1
7900;7899;31201050;66;15518945;15526838;25;95392;180371;2;64120;121932;0
8000;7999;31996000;68;16187607;16195588;26;96596;182813;1;69787;122038;1
8100;8099;32800950;69;16411059;16419145;26;97858;185247;1;66833;127565;0
8200;8199;33615900;71;16953408;16961596;28;99289;187921;1;72205;124181;1
8300;8299;34440850;73;17292504;17300792;28;100607;190445;1;77251;139225;0
8400;8399;35275800;74;17694244;17702633;30;102121;193256;1;68471;132122;1
8500;8499;36120750;76;18184015;18192503;30;103348;195712;1;70514;124736;1
8600;8599;36975700;78;18464462;18473054;31;105009;198745;1;71223;122470;1
8700;8699;37840650;80;19032838;19041528;31;106201;201126;2;72128;138170;0
8800;8799;38715600;81;19404044;19412837;32;107611;203757;1;72956;137039;1
8900;8899;39600550;84;19983293;19992184;32;108868;206224;2;78405;145181;0
9000;8999;40495500;86;20249682;20258667;34;110293;208928;1;83160;141125;1
9100;9099;41400450;87;20664073;20673169;34;111760;211614;1;76137;138587;1
9200;9199;42315400;90;20997236;21006427;34;113079;214149;2;77919;144216;1
9300;9299;43240350;91;21632700;21641989;36;114465;216834;1;76618;134658;1
9400;9399;44175300;95;22016817;22026204;37;115900;219533;1;82902;145688;1
9500;9499;45120250;96;22689920;22699413;37;117251;222081;1;76484;144205;1
9600;9599;46075200;97;22950565;22960156;37;118612;224705;2;75891;139457;1
9700;9699;47040150;99;24026061;24035748;39;119724;227075;1;86856;144516;1
9800;9799;48015100;102;23882625;23892419;39;121478;230140;1;81633;146235;1
9900;9899;49000050;103;24440488;24450379;40;122891;232746;2;79979;153114;1
10000;9999;49995000;106;24992932;25002924;41;124211;235317;1;80011;147109;1
